Metrics/EpRet,Metrics/EpCost,Metrics/EpLen,Metrics/EpCostRegret,Train/Epoch,Train/TotalSteps,Train/KL,Loss/Loss_reward_critic,Loss/Loss_cost_critic,Loss/Loss_actor,Time/Rollout,Time/Update,Time/Total,Value/RewardAdv,Value/CostAdv,Misc/Alpha,Misc/FinalStepNorm,Misc/xHx,Misc/gradient_norm,Misc/H_inv_g,Misc/AcceptanceStep
0.43708423817905817,66.67358318123054,500.0,1263.45,1,20000,0.0038206526,0.005483715423860344,11.196747284482239,2.1133422478669672e-07,18.5870418548584,10.444733142852783,29.03178596496582,3.8146971692576415e-10,2.19726558725597e-07,1.3754340410232544,0.10615435987710953,0.010571826249361038,0.07719901204109192,0.17025476694107056,1.0
0.445462955568196,59.38983513135768,500.0,2510.15,2,40000,0.007104985,0.0022850950321947837,7.991155027887624,-7.324218387338988e-08,18.46825623512268,9.423252582550049,27.89151120185852,5.035400363340159e-08,-2.1362303925798187e-08,0.716884970664978,255.38624572753906,0.038916245102882385,0.153654083609581,0.292000412940979,32.0
0.5872889714686653,25.999000000000002,500.0,1104.75,3,60000,0.007899108,0.0020081879384963993,7.855909136678004,-1.831054596834747e-08,18.44038724899292,9.022024154663086,27.46241283416748,-1.5258788677030566e-09,-1.0681151962899094e-08,0.6051452159881592,8.203215599060059,0.0546148456633091,0.18069061636924744,0.34588390588760376,16.0
0.4025990691227591,10.9245,500.0,450.35,4,80000,0.004317595,0.0019664304346516492,10.988251823680416,1.525878801089675e-08,18.437610149383545,8.890090465545654,27.32770276069641,1.5258788677030566e-09,6.103515470812226e-09,0.64971923828125,0.11297023296356201,0.04737818241119385,0.17388197779655457,0.3070146441459656,1.0
0.5551054226187366,21.046,500.0,893.1,5,100000,0.004392421,0.002255288471473725,10.60680383922188,-2.5939939973795845e-08,18.432121515274048,8.871843814849854,27.303967237472534,2.7465819840699623e-08,-6.866454960174906e-09,0.646865963935852,0.11421239376068115,0.0477970689535141,0.17657172679901123,0.30071818828582764,1.0
1.1674538562323442,69.2975,500.0,3079.725,6,120000,0.00696273,0.002481597823915398,19.12703702373869,-6.179809020068205e-08,18.383041858673096,8.945788145065308,27.328832387924194,2.632141082870021e-08,-4.2724607851596375e-08,0.7114560604095459,226.72500610351562,0.039512425661087036,0.17590419948101044,0.2862456440925598,31.0
1.3343844311981232,99.5275,500.0,4429.35,7,140000,0.0072276825,0.0024718890025927005,26.054194165946573,3.280639759850601e-08,18.42276644706726,8.93734073638916,27.360110998153687,2.5939939973795845e-08,6.561278809158466e-08,0.7975710034370422,365.39569091796875,0.031440623104572296,0.14709632098674774,0.24634388089179993,33.0
1.0700448233060047,84.74449999999999,500.0,3809.475,8,160000,0.007960377,0.0023220008208007094,15.634028992683264,6.942748598248727e-08,18.39380431175232,8.943987607955933,27.337793827056885,-5.340575981449547e-09,7.324218387338988e-08,0.8065903782844543,424.6809387207031,0.030741408467292786,0.14893321692943573,0.23763571679592133,33.0
0.7609218002772831,38.847,500.0,1751.725,9,180000,0.009743089,0.0027738435540176263,12.597756910931533,1.1444090119994144e-08,18.42294669151306,8.944629430770874,27.367578268051147,1.7166136956348055e-08,2.4414061883248905e-08,0.959139347076416,96.46935272216797,0.021740343421697617,0.12438839673995972,0.21323667466640472,26.0
0.6360326303935361,24.4915,500.0,1096.45,10,200000,0.0054881535,0.0025212782077716697,11.64184995092404,-2.8228757997794673e-08,18.442731142044067,8.880932807922363,27.323665618896484,-1.5258788677030566e-09,-3.356933575560106e-08,0.7870410084724426,0.12078315019607544,0.03228754922747612,0.15347334742546082,0.2521483600139618,1.0
0.5057491985342988,17.619999999999997,500.0,776.0,11,220000,0.0060660345,0.003454956120164816,11.704467210648167,-1.2969969986897922e-08,18.39361548423767,8.86216926574707,27.255786657333374,-4.959106458812812e-09,-1.678466787780053e-08,0.8649809956550598,0.11727609485387802,0.0267310943454504,0.13559238612651825,0.2530159056186676,1.0
1.0318244228999742,60.875,500.0,2720.0,12,240000,0.007439079,0.003860950006830512,16.63765683796755,-9.307861148499796e-08,18.576660633087158,8.924068212509155,27.500730514526367,1.4877318932349226e-08,-6.713867151120212e-08,0.7909412980079651,167.90513610839844,0.03196990489959717,0.16736435890197754,0.23779472708702087,30.0
1.1830620664021505,58.67249999999999,500.0,2623.875,13,260000,0.0075870664,0.004333488906846399,10.297504687764842,3.05175760217935e-08,18.42656421661377,8.837435960769653,27.264002799987793,-6.103515470812226e-09,3.05175760217935e-08,0.7866082787513733,193.0680389404297,0.03232308477163315,0.17157095670700073,0.24049027264118195,31.0
0.9906649728720456,35.4225,500.0,1583.125,14,280000,0.0066147964,0.0035003124340289055,9.182536276890215,-2.1743773004345712e-08,18.467402458190918,8.940042495727539,27.40744638442993,-6.103515470812226e-09,-2.8991697931246563e-08,0.7934616804122925,84.94952392578125,0.03176712617278099,0.15806929767131805,0.2590283751487732,27.0
0.5596639971848208,7.114500000000001,500.0,320.975,15,300000,0.0059848893,0.003894234796730908,8.385959236485183,-3.0517570692722984e-09,18.45857048034668,8.86577033996582,27.324342489242554,-6.103515470812226e-09,-2.1362303925798187e-08,1.2170727252960205,0.11679470539093018,0.013501953333616257,0.09597644209861755,0.18799875676631927,1.0
0.5638397026673965,25.863,500.0,1170.65,16,320000,0.006629691,0.0034884726002836113,13.176290332739521,1.3732909920349812e-08,18.448883056640625,8.903459787368774,27.352344512939453,1.5258788677030566e-09,3.051757735406113e-09,0.8326205611228943,4.0616888999938965,0.028849318623542786,0.1718464344739914,0.2313828319311142,14.0
0.6225760331274794,21.087,500.0,958.1,17,340000,0.006185669,0.0041059856764248505,7.881745119914887,4.577636492086867e-09,18.428452014923096,8.863461971282959,27.29191565513611,-1.2207030941624453e-08,-1.0681151962899094e-08,1.088007926940918,0.12175726890563965,0.016895286738872528,0.11192019283771515,0.20502515137195587,1.0
0.7084213890494949,6.0075,500.0,235.75,18,360000,0.009752205,0.003915337587344893,7.029466837075106,1.3732909920349812e-08,18.420032739639282,8.872577428817749,27.292612075805664,0.0,6.103515470812226e-09,0.7824501991271973,0.13503840565681458,0.03266754001379013,0.1725911945104599,0.2443273365497589,1.0
1.3468579553158562,67.1215,500.0,3027.575,19,380000,0.0075127273,0.004611394069436344,19.117852506516087,-3.7002561015242463e-08,18.383164405822754,8.922819375991821,27.305985927581787,2.25067129377976e-08,-1.831054596834747e-08,0.8662653565406799,179.241455078125,0.026651885360479355,0.17299501597881317,0.21173860132694244,30.0
1.2941474875225256,65.45100000000001,500.0,2925.05,20,400000,0.006826926,0.00609859358993875,8.946561754433212,2.07901003079769e-08,18.417600870132446,8.937097787857056,27.354700326919556,1.3351439953623867e-09,2.4414061883248905e-08,0.8888713121414185,275.25506591796875,0.025313492864370346,0.1537691354751587,0.22669877111911774,32.0
0.9234074427794697,27.130000000000003,500.0,1181.8,21,420000,0.009506878,0.0057547031317475685,10.227183753365924,5.72204541526844e-08,18.416871786117554,8.889821529388428,27.306695461273193,-2.8991697931246563e-08,1.831054596834747e-08,0.7680595517158508,17.34783935546875,0.03390314802527428,0.16653519868850708,0.24754835665225983,19.0
0.6373838728144854,23.831,500.0,1074.375,22,440000,0.0034566992,0.005543032242578401,7.806138932628996,-1.1444090119994144e-08,18.444204807281494,8.874520301818848,27.318727254867554,-2.4414061883248905e-08,-3.356933575560106e-08,1.372025728225708,0.10301347821950912,0.010624414309859276,0.07509828358888626,0.18640556931495667,1.0
0.47273859023285086,4.7385,500.0,198.8,23,460000,0.007530174,0.0046963110508302305,4.890100889752625,-4.577636936176077e-09,18.47048306465149,8.879049062728882,27.349534273147583,-6.866454960174906e-09,-1.2207030941624453e-08,1.1769940853118896,0.12608058750629425,0.01443713903427124,0.1071322113275528,0.18203966319561005,1.0
0.8050922856912346,22.6315,500.0,966.7,24,480000,0.008356986,0.005269117404226285,9.948733227571864,-3.356933220288738e-08,18.407803773880005,8.873095035552979,27.280900716781616,-3.8146971692576415e-10,-3.05175760217935e-08,0.8038706183433533,0.14486375451087952,0.030949778854846954,0.18021532893180847,0.23569563031196594,2.0
1.5993367492846349,91.5225,500.0,4135.375,25,500000,0.0073051886,0.006676151000770034,11.99091755235271,-1.0528563620937348e-07,18.32082438468933,8.924378633499146,27.24520468711853,3.051757735406113e-09,-1.0375975989518338e-07,0.9333407282829285,267.5640563964844,0.02295881137251854,0.1614220291376114,0.21821482479572296,32.0
1.9431723568502393,121.9395,500.0,5510.1,26,520000,inf,0.009386293971495834,11.097680407724562,-1.9073485191256623e-07,18.310860872268677,9.27072262763977,27.58158540725708,3.433227391269611e-08,-1.5258788721439487e-07,0.7948436141014099,0.0,0.03165675699710846,0.19437257945537567,0.22533944249153137,0.0
2.7093637760241136,104.30900000000001,500.0,4655.075,27,540000,0.007586502,0.011583319430945406,11.969672256670181,-1.7929076889799944e-08,18.325907945632935,8.936075925827026,27.261985778808594,-3.051757735406113e-09,-3.356933575560106e-08,0.7707691192626953,318.8966369628906,0.03366520255804062,0.20731838047504425,0.22076494991779327,33.0
2.558004424571775,83.614,500.0,3726.325,28,560000,0.0098013915,0.010141188459720011,18.394074300747768,1.0375975989518338e-07,18.433737993240356,8.935009956359863,27.36875033378601,-3.051757735406113e-09,7.324218387338988e-08,0.7884494662284851,197.64370727539062,0.032172299921512604,0.1775866448879242,0.25111091136932373,31.0
1.466356843851616,54.326,500.0,2411.05,29,580000,0.007036201,0.008601026654326518,7.15460622371382,2.2125243859250077e-08,18.437492847442627,8.933673620223999,27.37116837501526,2.2888182460434336e-09,6.103515470812226e-09,0.8711015582084656,186.62059020996094,0.0263567715883255,0.14507731795310974,0.2366589456796646,30.0
1.4378820405310406,33.27600000000001,500.0,1453.8,30,600000,0.008601451,0.007071839488900391,5.876682585439864,5.340576425538757e-09,18.40267539024353,8.931940078735352,27.334617376327515,-8.392333938900265e-09,-6.103515470812226e-09,0.99635910987854,101.47774505615234,0.02014642395079136,0.12874455749988556,0.21513164043426514,26.0
0.8747958630747963,18.341500000000003,500.0,790.2,31,620000,0.0064754155,0.005410520238564557,4.144584569050248,8.087157965519509e-08,18.432765007019043,8.862926006317139,27.295692682266235,-6.1035152043587e-08,2.1362303925798187e-08,1.1026904582977295,0.1321384459733963,0.016448356211185455,0.11984331905841827,0.20573127269744873,2.0
1.275913452797697,29.586499999999994,500.0,1312.475,32,640000,0.006690249,0.010168125650068378,4.481170535695021,-1.0147094542389823e-07,18.337249994277954,8.908922672271729,27.246175050735474,4.577636492086867e-09,-9.765624753299562e-08,1.3813743591308594,28.016225814819336,0.010481098666787148,0.08895467966794968,0.18693019449710846,21.0
1.8991430663132085,60.28499999999999,500.0,2682.975,33,660000,0.0075852615,0.010170852685062464,6.1393919861240756,1.0681151962899094e-08,18.3410964012146,8.926423788070679,27.26752209663391,-1.5258788677030566e-09,4.577636492086867e-09,1.0110933780670166,299.02496337890625,0.019563529640436172,0.11964881420135498,0.22889713943004608,31.0
1.3526642555798265,34.197500000000005,500.0,1448.0,34,680000,0.0072465916,0.010387379320777336,4.079827008201818,-8.392333938900265e-09,18.397507429122925,8.911554098129272,27.30906343460083,-5.912780487449254e-09,-1.525878801089675e-08,0.7896179556846619,65.16536712646484,0.03207715228199959,0.13104332983493805,0.3216629922389984,25.0
1.1432716890990697,24.782,500.0,1092.5,35,700000,0.006249367,0.007301368132221756,3.5233397217313196,-6.8664558483533256e-09,18.47075867652893,8.866486310958862,27.337247133255005,1.907348590179936e-08,9.918212917625624e-09,0.9215083718299866,0.11990610510110855,0.02355218678712845,0.13012897968292236,0.23234069347381592,1.0
0.9763377836051162,18.172500000000003,500.0,763.25,36,720000,0.006698096,0.007531853190439332,3.878834887370942,-4.0435789827597546e-08,18.468802213668823,8.875792503356934,27.34459662437439,3.814697002724188e-09,-3.05175760217935e-08,0.9755107760429382,0.1346379965543747,0.02101675420999527,0.13802792131900787,0.21710778772830963,2.0
1.8438354191824604,54.7635,500.0,2415.775,37,740000,0.007899078,0.012159962173859784,5.2152545477933945,9.53674295089968e-09,18.389495372772217,8.916684627532959,27.306182146072388,2.0217894913798773e-08,3.662109193669494e-08,1.3221358060836792,136.5850830078125,0.01144135557115078,0.08301107585430145,0.2028244137763977,29.0
2.6420185526341213,48.304,500.0,2137.075,38,760000,0.006763684,0.011684156189951453,5.409429593678492,-9.918213805804044e-09,18.27960705757141,8.92534852027893,27.204957723617554,2.8228759774151513e-08,2.4414061883248905e-08,1.3950111865997314,183.0717010498047,0.010277184657752514,0.11309605836868286,0.17549088597297668,29.0
3.496040499550734,35.525,500.0,1536.675,39,780000,0.009589932,0.016118712841894974,3.607021504071108,-1.5258788677030566e-09,18.30167531967163,8.925631046295166,27.22730803489685,1.5258788677030566e-09,-1.5258788677030566e-09,1.1434086561203003,77.93202209472656,0.015297722071409225,0.15387260913848877,0.17999565601348877,25.0
2.627252951506341,16.7015,500.0,674.05,40,800000,0.00861976,0.0129172153518814,3.6931498311127826,-2.5177001816700795e-08,18.381620407104492,8.883250951766968,27.264873266220093,4.959106458812812e-09,-2.1362303925798187e-08,1.1281285285949707,0.15133260190486908,0.015714935958385468,0.13415297865867615,0.20689263939857483,3.0
2.9053281639331203,7.703999999999999,500.0,261.925,41,820000,0.008176771,0.01682579784689673,2.3697785676664607,5.722045504086282e-09,18.208048343658447,8.85344934463501,27.06149983406067,-1.5640258865801115e-08,-6.103515470812226e-09,1.3398116827011108,0.14067991077899933,0.0111414585262537,0.10501047223806381,0.21139785647392273,3.0
4.023710374429034,11.3115,500.0,433.2,42,840000,0.007274641,0.029417967330071196,2.845759152454935,1.525878801089675e-08,18.10252070426941,8.867617845535278,26.9701406955719,-1.5258788677030566e-09,2.1362303925798187e-08,1.2900043725967407,0.13929542899131775,0.012018417939543724,0.10798841714859009,0.22773173451423645,4.0
6.04891823970089,12.8315,500.0,537.825,43,860000,0.0035449264,0.040339444373040254,2.5246985004965667,-2.3651123726153855e-08,17.96735167503357,8.859713315963745,26.82706642150879,2.7465819840699623e-08,-1.5258788677030566e-09,1.38588547706604,0.0831100270152092,0.010412975214421749,0.0599839985370636,0.24130910634994507,1.0
4.953430149867694,24.186,500.0,1063.975,44,880000,0.0040688873,0.03344057485947658,2.8876332694557822,7.629394005448376e-09,18.06973147392273,8.786823034286499,26.856558322906494,8.392333938900265e-09,7.629394005448376e-09,1.3335462808609009,0.08945772796869278,0.011246396228671074,0.06709607690572739,0.251739501953125,1.0
4.124774268424481,25.107499999999998,500.0,1063.0,45,900000,0.0073641525,0.0347672971410404,1.9048802904262665,-2.2888182460434336e-09,17.904289722442627,8.890315771102905,26.794607877731323,4.577636492086867e-09,6.103515470812226e-09,1.3949058055877686,1.6883021593093872,0.010278738103806973,0.08243538439273834,0.2218507081270218,8.0
4.95576136242496,8.255,500.0,292.7,46,920000,0.0056470367,0.04021937623560713,1.374016559275852,1.8692016823251834e-08,17.98836326599121,8.888075351715088,26.87644052505493,-2.3460387410523253e-08,-1.5258788677030566e-09,1.18551504611969,0.08980321139097214,0.014230350032448769,0.07577423006296158,0.27756863832473755,1.0
5.663885039287178,14.953999999999999,500.0,599.575,47,940000,0.007988994,0.040969606844862554,2.4435472027511356,-1.9073489454513037e-09,17.98719596862793,8.867309093475342,26.854506969451904,2.2888182460434336e-09,-4.577636492086867e-09,1.267673373222351,0.1050644963979721,0.012445572763681412,0.08289787173271179,0.2568233907222748,2.0
7.870221006873256,36.15,500.0,1490.675,48,960000,0.009790407,0.06431789099814215,4.22060194736833,5.302429073594794e-08,17.84546184539795,8.910370111465454,26.755833864212036,2.479553096179643e-08,7.324218387338988e-08,1.3368706703186035,78.16909790039062,0.011190533638000488,0.10124015808105469,0.21907535195350647,25.0
9.306057438635412,29.704999999999995,500.0,1189.2,49,980000,0.0068154633,0.06886397702797394,1.627797871258608,0.0,17.688530206680298,8.918688535690308,26.60722064971924,3.051757735406113e-09,1.0681151962899094e-08,1.4022622108459473,61.700016021728516,0.010171173140406609,0.08725900948047638,0.21416281163692474,24.0
7.826517689409911,8.810500000000001,500.0,362.4,50,1000000,0.009067975,0.061790939511814316,1.6611536783397578,-1.3351435512731769e-09,18.021801471710205,8.879296779632568,26.9011013507843,6.484984993448961e-09,5.340575981449547e-09,1.3268879652023315,0.11845888942480087,0.01135954912751913,0.08916545659303665,0.24625515937805176,3.0
7.995555641365762,19.645999999999997,500.0,852.875,51,1020000,0.0069686286,0.05619611931596972,2.3339675592389075,2.7465819840699623e-08,17.73701286315918,8.873859882354736,26.610875844955444,4.577636492086867e-09,2.5177001816700795e-08,1.4565730094909668,0.11347221583127975,0.009426815435290337,0.07791374623775482,0.23058673739433289,3.0
6.084280208763382,36.8195,500.0,1568.35,52,1040000,0.008405399,0.07045131514596331,3.571947103852679,1.831054596834747e-08,18.12524390220642,8.844266891479492,26.969512462615967,-8.392333938900265e-09,1.2207030941624453e-08,1.3956036567687988,78.03607177734375,0.010268461890518665,0.06891384720802307,0.2184392511844635,26.0
9.005674566464291,51.8115,500.0,2239.85,53,1060000,0.0068528885,0.07407456597159053,2.529621434515449,4.8446654687950286e-08,18.031274795532227,8.936403274536133,26.967679738998413,0.0,5.302429073594794e-08,1.5496816635131836,260.2679138183594,0.008328071795403957,0.09078852087259293,0.1900833249092102,31.0
5.182346963476792,42.6375,500.0,1874.65,54,1080000,0.0068493993,0.07277252327674513,3.137819350145425,-3.051757735406113e-09,18.107797622680664,8.93754506111145,27.04534411430359,-5.722045615108584e-10,9.155272984173735e-09,1.4108675718307495,121.406982421875,0.01004747860133648,0.08301976323127747,0.2180672287940979,29.0
6.141061805249192,30.249000000000002,500.0,1341.225,55,1100000,0.0065260376,0.07890714504251814,2.943550012521683,-1.9836425835251248e-08,17.960219621658325,8.954102039337158,26.914323568344116,3.8146971692576415e-10,-6.103515470812226e-09,1.3541663885116577,42.329429626464844,0.010906501673161983,0.11907808482646942,0.20262624323368073,24.0
7.863376274144706,31.222,500.0,1379.625,56,1120000,0.009618853,0.08258912326637537,2.1939995461208803,5.4740905142125484e-08,17.889750719070435,8.945733070373535,26.835485696792603,-1.7166137400437265e-09,5.7220457705398076e-08,1.389959692955017,80.92558288574219,0.01035202108323574,0.09315530955791473,0.21604770421981812,25.0
6.795948750337752,27.686,500.0,1214.675,57,1140000,0.007496275,0.08122231955669677,2.629551260334671,-9.155272984173735e-09,18.102921962738037,8.923789024353027,27.026713132858276,-3.814697002724188e-09,3.051757735406113e-09,1.315973162651062,33.87190246582031,0.011548765935003757,0.06479130685329437,0.24643483757972717,22.0
7.165786221512876,30.788,500.0,1353.225,58,1160000,0.006528932,0.11974521864110688,2.1138172034245386,8.392333938900265e-09,17.514273166656494,8.915130615234375,26.42940592765808,-1.5258788677030566e-09,0.0,1.489157795906067,82.16943359375,0.009018786251544952,0.07384812831878662,0.21470172703266144,26.0
9.358636504851631,27.813499999999998,500.0,1155.8,59,1180000,0.0071996883,0.12848073914409822,3.3021904521687016,-1.602172794434864e-08,17.603554248809814,8.910598993301392,26.51415491104126,1.5258788677030566e-09,-9.155272984173735e-09,1.5432928800582886,32.97359085083008,0.008397165685892105,0.09387089312076569,0.19741271436214447,22.0
8.919035467271197,19.845,500.0,852.825,60,1200000,0.008064229,0.13432208312449942,3.2001912322773296,-1.525878978725359e-09,17.851485013961792,8.87300992012024,26.7244975566864,8.01086397217432e-09,1.525878801089675e-08,1.5522568225860596,0.11565838754177094,0.008300463669002056,0.07431503385305405,0.212770476937294,3.0
8.375421772447371,23.163999999999998,500.0,1006.425,61,1220000,0.0053683124,0.12446804775909823,4.201714955241817,-9.918212917625624e-09,18.048662424087524,8.82010531425476,26.868769645690918,2.2888182460434336e-09,-3.814697002724188e-09,1.6471606492996216,0.09503424912691116,0.0073715271428227425,0.057704146951436996,0.19621331989765167,1.0
5.858036025260563,22.311,500.0,955.95,62,1240000,0.0074388366,0.10702140715186763,2.6857362395638873,-7.629394005448376e-09,18.143084287643433,8.8540678024292,26.997153997421265,0.0,0.0,1.4510401487350464,0.16001054644584656,0.009498841129243374,0.11028359830379486,0.20834960043430328,5.0
7.2089595996207025,20.428999999999995,500.0,876.4,63,1260000,0.008814975,0.1140723207396022,2.3724061030491144,1.2969970875076342e-08,18.070183515548706,8.891366004943848,26.961551666259766,1.907348501362094e-09,2.8991697931246563e-08,1.6415512561798096,0.159502774477005,0.007421992719173431,0.09712427109479904,0.17101193964481354,5.0
8.25290363783856,23.1505,500.0,976.325,64,1280000,0.0070037656,0.08605572231185095,4.933815567812343,3.051757735406113e-09,18.069112300872803,8.885117292404175,26.95423126220703,1.5258788677030566e-09,-9.155272984173735e-09,1.4725630283355713,0.18519961833953857,0.009223202243447304,0.125783771276474,0.17650122940540314,6.0
7.86744046669827,69.343,500.0,3015.075,65,1300000,0.008139347,0.09391653714286294,5.583772593243107,5.054473461996167e-08,18.06831455230713,8.933069705963135,27.001386165618896,1.3160705414350105e-08,7.324218387338988e-08,1.666445016860962,230.09434509277344,0.0072019062936306,0.0669136792421341,0.18481114506721497,31.0
9.424096508238335,69.8885,500.0,2968.25,66,1320000,0.009012137,0.1576887491782,5.241669549304209,-1.6403198799253005e-08,17.58802604675293,8.846163749694824,26.434192180633545,4.959106458812812e-09,0.0,1.8390483856201172,200.70114135742188,0.005913477391004562,0.056149959564208984,0.17972713708877563,31.0
10.9115014878957,37.708999999999996,500.0,1525.35,67,1340000,0.008734792,0.09673340112730196,3.378415485248444,6.866454960174906e-09,17.71783447265625,8.930722951889038,26.648559093475342,-7.629394338515283e-10,4.577636492086867e-09,1.4775899648666382,130.94876098632812,0.009160551242530346,0.10982486605644226,0.18802684545516968,28.0
9.084646999973796,21.366000000000003,500.0,893.95,68,1360000,0.0090925675,0.12718845949431135,4.789646337821985,9.155272984173735e-09,17.6201810836792,8.896202802658081,26.516385555267334,-6.103515470812226e-09,4.577636492086867e-09,1.3948246240615845,0.11643654108047485,0.010279934853315353,0.08363700658082962,0.24419572949409485,3.0
10.611584767368324,33.8045,500.0,1497.275,69,1380000,0.00921706,0.09795297266690024,4.251511379108307,1.2969969986897922e-08,17.687752723693848,8.933708667755127,26.621463537216187,-8.392333938900265e-09,0.0,1.6152141094207764,86.91558837890625,0.007666007615625858,0.06881364434957504,0.1867954432964325,26.0
8.168468448259917,22.6155,500.0,991.225,70,1400000,0.0071341423,0.10394091796675685,3.722503907741255,-3.032684148251974e-08,18.04413938522339,8.891011714935303,26.935153007507324,5.1498409980865745e-09,-2.4414061883248905e-08,1.7502609491348267,0.15291306376457214,0.00652865506708622,0.0873025581240654,0.17506660521030426,5.0
7.420025825678223,6.173,500.0,205.525,71,1420000,0.008961518,0.15209420763288334,2.53407558278673,-9.155272984173735e-09,17.510474681854248,8.84106993675232,26.3515465259552,-3.051757735406113e-09,-6.866454960174906e-09,1.574276328086853,0.12445061653852463,0.00806988775730133,0.07884306460618973,0.19064800441265106,3.0
9.696395260990748,6.284000000000001,500.0,143.2,72,1440000,0.0077605457,0.13087707121684483,2.558768307023747,-1.1825560974898508e-08,17.9615638256073,8.878382444381714,26.839948177337646,8.392333938900265e-09,4.1961669694501325e-09,1.5814143419265747,0.11803866922855377,0.007997201755642891,0.07464803755283356,0.17603027820587158,2.0
9.419258787594694,10.93,500.0,348.125,73,1460000,0.007935696,0.12331515661185714,2.7232053056644028,2.0980834847250662e-09,17.853924036026,8.871797323226929,26.72572350502014,-1.7166137400437265e-09,7.629394005448376e-09,1.328683853149414,0.1073264330625534,0.011328862980008125,0.08071450144052505,0.24080730974674225,2.0
9.709219229378467,33.386,500.0,1286.7,74,1480000,0.006466212,0.128995944258229,5.564631012290906,5.836486849375433e-08,17.772281885147095,8.909301996231079,26.681586265563965,-1.602172794434864e-08,4.2724607851596375e-08,1.2951714992523193,34.9068717956543,0.011922711506485939,0.11302356421947479,0.20579366385936737,24.0
10.66281066422903,53.8,500.0,2251.4,75,1500000,0.0099668065,0.09446619709799434,3.3577350675680075,6.484984993448961e-08,17.697609663009644,8.931562900543213,26.62917423248291,-3.051757735406113e-09,6.408691177739456e-08,1.4252114295959473,208.6735076904297,0.009846251457929611,0.09026089310646057,0.22153334319591522,30.0
11.40715010964792,45.982,500.0,1896.675,76,1520000,0.0068666367,0.1280824464502608,2.729549566879394,-1.2969969986897922e-08,17.434353828430176,8.926658630371094,26.361014127731323,-7.629394338515283e-10,-3.051757735406113e-09,1.2163275480270386,199.1665802001953,0.013518502935767174,0.19462397694587708,0.20415768027305603,30.0
10.403712320370065,18.0815,500.0,753.325,77,1540000,0.009943267,0.11145563469903105,1.8271215300651114,-2.2888180239988287e-09,17.882122039794922,8.870432376861572,26.752556085586548,-9.53674295089968e-09,-6.103515470812226e-09,1.3580185174942017,0.12101927399635315,0.010844715870916843,0.08858054876327515,0.22737912833690643,3.0
8.067899609838154,19.035500000000003,500.0,764.275,78,1560000,0.009844195,0.11495521118876281,3.940474226824038,2.5939939973795845e-08,17.571828603744507,8.87262225151062,26.444454669952393,-1.2207030941624453e-08,2.1362303925798187e-08,1.2978640794754028,0.1412600576877594,0.011873292736709118,0.10768650472164154,0.24062450230121613,5.0
9.920337884432362,30.034000000000002,500.0,1260.2,79,1580000,0.009880074,0.10239323015995086,2.9124832867816757,-3.814697002724188e-09,17.938236713409424,8.909240245819092,26.84747862815857,0.0,-9.155272984173735e-09,1.3661538362503052,43.312255859375,0.010715940967202187,0.11109121888875961,0.21364495158195496,23.0
9.558097354678562,27.171499999999998,500.0,1173.2,80,1600000,0.009161915,0.08633101862754412,3.049761954082805,7.629394005448376e-09,17.634049654006958,8.907042503356934,26.541093826293945,-4.959106458812812e-09,4.1961669694501325e-09,1.2744481563568115,22.246992111206055,0.012313608080148697,0.1356610208749771,0.24018354713916779,20.0
10.264403891780043,13.5905,500.0,578.775,81,1620000,0.006614935,0.09061027617567474,1.771009291585084,5.722046170220096e-10,17.730184316635132,8.879457950592041,26.609644412994385,1.7166137400437265e-09,-3.051757735406113e-09,1.2482150793075562,0.13973425328731537,0.012836623005568981,0.11056582629680634,0.23743470013141632,6.0
9.516260542242593,7.349000000000001,500.0,274.1,82,1640000,0.008026532,0.09490166300089116,2.477683422140255,-1.8692016823251834e-08,17.53674817085266,8.890168905258179,26.42691922187805,0.0,-1.1444091896350983e-08,1.409830093383789,0.22428138554096222,0.010062270797789097,0.16016030311584473,0.17965419590473175,8.0
10.42964679199157,14.9455,500.0,525.275,83,1660000,0.0065656407,0.1113474625346672,2.1624530682897873,-9.155272984173735e-09,17.867202520370483,8.88560962677002,26.752813816070557,7.629394005448376e-09,0.0,1.375938057899475,0.18040503561496735,0.01056408416479826,0.13019302487373352,0.19288647174835205,7.0
10.909682262216817,17.5115,500.0,530.95,84,1680000,0.007928517,0.1373130185873645,3.7725108791308797,-2.8228759774151513e-08,18.058215618133545,8.876477241516113,26.93469476699829,1.2969969986897922e-08,-3.051757735406113e-09,1.8069084882736206,0.11060674488544464,0.006125717423856258,0.06109408661723137,0.16320565342903137,1.0
13.506939864067778,35.291,500.0,1247.1,85,1700000,0.006470124,0.23316859599368966,5.380095910114847,3.356933575560106e-08,18.05645728111267,8.925058126449585,26.981517791748047,1.5258788677030566e-09,1.525878801089675e-08,1.6587527990341187,36.60695266723633,0.007268856279551983,0.1250840127468109,0.161139115691185,25.0
15.00462955855167,31.897000000000002,500.0,1113.7,86,1720000,0.006545331,0.1626404335117264,3.588431837452445,6.1035150267230165e-09,17.839380025863647,8.939598321914673,26.778980016708374,7.629394338515283e-10,6.103515470812226e-09,1.5417639017105103,45.23523712158203,0.0084138298407197,0.09054850786924362,0.17820964753627777,25.0
12.544298275267101,16.360999999999997,500.0,561.425,87,1740000,0.0073317806,0.1710412083585171,1.8029767675004946,1.2207030941624453e-08,18.15441060066223,8.886903524398804,27.04133129119873,-1.3732909920349812e-08,6.103515470812226e-09,1.462491512298584,0.1659686416387558,0.00935067143291235,0.1126452311873436,0.19780226051807404,7.0
12.635371892546171,5.68,500.0,107.65,88,1760000,0.007049436,0.23030788647188882,2.81401986141873,-3.8146952263673484e-10,17.698434352874756,8.894681215286255,26.593117713928223,-4.1961669694501325e-09,-9.155272984173735e-09,1.7440177202224731,0.2555464804172516,0.006575481500476599,0.14461791515350342,0.1547333300113678,10.0
13.88336766694012,28.848000000000003,500.0,1011.3,89,1780000,0.0081990175,0.1700396173675159,4.893988318124395,4.653930574249898e-08,17.85687756538391,8.921786546707153,26.77866792678833,2.6702879907247734e-09,4.2724607851596375e-08,1.7080143690109253,14.097033500671387,0.006855613552033901,0.08697904646396637,0.17551113665103912,20.0
12.584588179986513,33.760000000000005,500.0,1257.45,90,1800000,0.007483528,0.15240061910241653,2.9361096018438886,-4.959106014723602e-09,17.741066455841064,8.940075874328613,26.68114447593689,-1.1444091230217168e-09,-7.629394005448376e-09,1.2187509536743164,56.67603302001953,0.013464794494211674,0.12626884877681732,0.21390661597251892,26.0
10.505820405431601,12.686,500.0,465.25,91,1820000,0.007044624,0.1285085927635716,1.501740794424798,-7.629390452734697e-10,18.082567930221558,8.802233695983887,26.884803533554077,-7.247924482811641e-09,-1.525878801089675e-08,1.4099080562591553,0.11389100551605225,0.010061156935989857,0.08024521917104721,0.22115445137023926,3.0
9.28276493980134,7.1965,500.0,217.675,92,1840000,0.007077969,0.15127934947325167,3.148614519416906,-1.0681151962899094e-08,17.92434310913086,8.8910493850708,26.815394639968872,-3.051757735406113e-09,-9.155272984173735e-09,1.4391112327575684,0.14127159118652344,0.009656967595219612,0.09728595614433289,0.22449882328510284,6.0
11.909232471692524,32.454499999999996,500.0,1212.775,93,1860000,0.007015762,0.20663326636763515,4.694159240783399,-1.12533564688988e-08,17.58760142326355,8.940279006958008,26.52788257598877,5.722045615108584e-10,-1.2207030941624453e-08,1.8058489561080933,36.8189582824707,0.006132907699793577,0.11079959571361542,0.15759791433811188,24.0
15.212514980093676,33.832,500.0,1160.0,94,1880000,0.009062261,0.09933229184762878,3.377746472313146,-1.1444091896350983e-08,17.797931432724,8.93599534034729,26.733928442001343,3.051757735406113e-09,-9.155272984173735e-09,1.254167914390564,46.508766174316406,0.012715056538581848,0.21466872096061707,0.19812974333763123,25.0
11.641020668497353,8.891,500.0,195.8,95,1900000,0.008665554,0.09750626605882007,1.7813679147677817,6.866454960174906e-09,17.7240948677063,8.862679481506348,26.5867760181427,-1.0681151962899094e-08,3.051757735406113e-09,1.359557032585144,0.2227921038866043,0.010820184834301472,0.1612245887517929,0.20806924998760223,9.0
10.462378132934749,6.5040000000000004,500.0,171.225,96,1920000,0.009192472,0.1628161331484462,1.8947563273132226,-8.392333938900265e-09,17.959807872772217,8.898536682128906,26.858346462249756,2.6702879907247734e-09,0.0,1.8524720668792725,0.1544973999261856,0.005828085821121931,0.08231893181800842,0.15578116476535797,5.0
9.914290692710477,23.3755,500.0,806.95,97,1940000,0.0064719375,0.10679440613788595,4.171322330623675,-9.155272984173735e-09,17.904958724975586,8.91381049156189,26.81877112388611,0.0,-9.155272984173735e-09,1.2687267065048218,0.2291133552789688,0.01242491602897644,0.17782332003116608,0.2041805386543274,9.0
13.475651026711352,69.14949999999999,500.0,2789.625,98,1960000,nan,0.1569024082130877,6.668329075795071,4.730224745230771e-08,17.860278367996216,9.303131341934204,27.163411140441895,9.155272984173735e-09,7.171630755919978e-08,1.6198920011520386,0.0,0.007621795404702425,0.09030052274465561,0.17466163635253906,0.0
16.28372542761101,102.65149999999998,500.0,4362.45,99,1980000,nan,0.14241026782543417,5.511695919522814,7.629390452734697e-10,17.868970155715942,9.306687831878662,27.175660133361816,1.2207030941624453e-08,1.2207030941624453e-08,1.6148364543914795,0.0,0.007669593207538128,0.08848781883716583,0.17707985639572144,0.0
15.897073949617702,93.495,500.0,3892.575,100,2000000,inf,0.20765119705610213,8.521951981866435,-2.1362305702155027e-08,17.732340812683105,9.309863328933716,27.042206048965454,0.0,-2.5939939973795845e-08,1.4431535005569458,0.0,0.009602945297956467,0.1143636405467987,0.1823519617319107,0.0
15.802226834282433,90.375,500.0,3774.3,101,2020000,0.008340952,0.16673430456382454,7.698350179271333,1.0375976700061074e-07,17.712796688079834,8.922595739364624,26.63539433479309,5.340575981449547e-09,1.0223388358099328e-07,1.5535736083984375,300.3922119140625,0.008286397904157639,0.11390236765146255,0.1633336991071701,33.0
15.647134082031442,81.2335,500.0,3328.9,102,2040000,nan,0.13724966945636805,6.785361623764038,-1.3732909920349812e-08,17.862159252166748,9.288167238235474,27.150328636169434,1.5258788677030566e-09,-1.831054596834747e-08,1.3977625370025635,0.0,0.010236766189336777,0.1386946737766266,0.1976526826620102,0.0
11.868169499807511,45.117999999999995,500.0,1676.525,103,2060000,0.0077864174,0.1122276098781805,5.377023265164369,-1.0681151962899094e-08,17.874630451202393,8.94475769996643,26.819389820098877,0.0,-6.103515470812226e-09,1.3535244464874268,60.06140899658203,0.010916851460933685,0.1576545238494873,0.21431460976600647,27.0
13.390229493272113,32.3765,500.0,1201.65,104,2080000,0.009896861,0.11005158153166816,3.243145603662843,5.416869797159052e-08,17.61641240119934,8.93585467338562,26.552268981933594,-1.4114379887075756e-08,5.035400363340159e-08,1.349025845527649,27.5848331451416,0.010989781469106674,0.16587704420089722,0.20865052938461304,23.0
13.80693424348647,12.2285,500.0,429.675,105,2100000,0.0085982215,0.1287764336439265,2.5006512461953863,3.204345588869728e-08,17.70585536956787,8.895355939865112,26.601212739944458,-2.4414061883248905e-08,6.103515470812226e-09,1.256271481513977,0.24672089517116547,0.012672509998083115,0.1954306662082672,0.2233819216489792,10.0
10.237938309958912,6.937,500.0,245.7,106,2120000,0.0073902663,0.17302155613567038,2.5727765588244056,-4.577636936176077e-09,17.991971969604492,8.883047103881836,26.875020742416382,-9.155272984173735e-09,-1.0681151962899094e-08,1.4652634859085083,0.1955207735300064,0.009315324947237968,0.12964601814746857,0.18370667099952698,8.0
11.968934374926596,24.6405,500.0,872.825,107,2140000,0.0079200305,0.11416672378849642,4.129439828502145,9.155272984173735e-09,17.975292205810547,8.884198904037476,26.85949420928955,2.6702879907247734e-09,1.2207030941624453e-08,1.2600558996200562,0.3589707911014557,0.012596504762768745,0.27905571460723877,0.17377661168575287,12.0
14.13421402908279,49.67100000000001,500.0,1938.95,108,2160000,0.009173456,0.12060686585724734,3.8864017662728667,-1.907348590179936e-08,18.197368621826172,8.917409420013428,27.114779710769653,0.0,-1.678466787780053e-08,1.3691401481628418,106.67829132080078,0.010669246315956116,0.15643002092838287,0.18224096298217773,28.0
12.733192083889305,45.0755,500.0,1730.65,109,2180000,0.009976657,0.1356732545622215,4.445731425513128,2.0980834847250662e-08,17.75798773765564,8.939246892929077,26.69723653793335,-3.8146971692576415e-10,2.1362303925798187e-08,1.6761866807937622,77.84561920166016,0.007118436973541975,0.09210041910409927,0.17784622311592102,27.0
11.63167199372917,22.6765,500.0,783.5,110,2200000,0.009951578,0.1535064623519114,1.6284227771743847,1.525878801089675e-08,17.618719816207886,8.787479877471924,26.406201362609863,6.103515470812226e-09,1.2207030941624453e-08,1.4199349880218506,0.19782474637031555,0.009919565171003342,0.1382066309452057,0.20289692282676697,8.0
12.861147846357024,17.6115,500.0,579.675,111,2220000,0.008743366,0.1597628125031093,5.082929688122622,1.3351439953623867e-08,17.74276852607727,8.892176389694214,26.63494873046875,-6.484984993448961e-09,1.2207030941624453e-08,1.3330013751983643,0.28957101702690125,0.011255593970417976,0.21535883843898773,0.19994492828845978,11.0
16.10957964676671,53.83050000000001,500.0,2041.9,112,2240000,0.007305924,0.1776689043446521,6.037514210810327,4.1198727984692596e-08,17.716742992401123,8.95657730102539,26.673322200775146,7.629394005448376e-09,4.882812376649781e-08,1.367501139640808,70.56906127929688,0.0106948371976614,0.25347763299942017,0.19421379268169403,28.0
16.761808806851707,53.92850000000001,500.0,2060.425,113,2260000,0.0073139225,0.16917848861805954,4.826689473534845,-2.5177001816700795e-08,17.842089653015137,8.941102504730225,26.783193826675415,-2.2888182460434336e-09,-1.3732909920349812e-08,1.278426170349121,86.11127471923828,0.012237094342708588,0.14601558446884155,0.21905115246772766,29.0
12.414736192793242,17.7105,500.0,486.3,114,2280000,0.0070295483,0.1367677248183899,1.7515930471906236,0.0,17.81619381904602,8.904265403747559,26.720463037490845,-1.0681151962899094e-08,-1.3732909920349812e-08,1.2804018259048462,0.15210379660129547,0.012199359014630318,0.11746498197317123,0.23809270560741425,7.0
11.707600021816281,13.059000000000001,500.0,391.95,115,2300000,0.009863755,0.16201451080524998,3.5002767470991536,-2.2888180239988287e-09,17.774114847183228,8.91579008102417,26.68990659713745,-8.392333938900265e-09,-1.3732909920349812e-08,1.3502479791641235,0.28604575991630554,0.010969895869493484,0.2097443789243698,0.19922907650470734,11.0
14.272046816620167,40.955,500.0,1399.5,116,2320000,0.008905542,0.16487101852941285,6.343656899822745,-6.484984993448961e-09,17.802876472473145,8.94042181968689,26.743300199508667,3.814697002724188e-09,9.155272984173735e-09,1.5556989908218384,35.787174224853516,0.008263771422207355,0.19682206213474274,0.1677394062280655,25.0
15.022348260400388,43.343500000000006,500.0,1529.375,117,2340000,0.008334939,0.12397817219043993,3.144861809766976,-2.8228759774151513e-08,17.732110500335693,8.944250583648682,26.67636489868164,7.629394338515283e-10,-3.05175760217935e-08,1.2132498025894165,75.9517822265625,0.01358717679977417,0.2958230674266815,0.20309597253799438,28.0
10.713045130359456,11.766,500.0,285.525,118,2360000,0.0074675437,0.09470799891337467,1.5805390327599398,5.340576336720915e-08,17.846195697784424,8.86867380142212,26.71487259864807,-1.525878801089675e-08,3.662109193669494e-08,1.222991704940796,0.2977648973464966,0.01337157841771841,0.23438258469104767,0.2313443422317505,12.0
11.406013738593249,6.1765,500.0,83.3,119,2380000,0.007675998,0.1137709973795209,2.331984638788138,0.0,17.893461227416992,8.911969900131226,26.80543327331543,6.103515470812226e-09,1.0681151962899094e-08,1.2177435159683228,0.3478262424468994,0.013487083837389946,0.28037095069885254,0.2116362452507019,13.0
15.533844404211269,29.8525,500.0,983.425,120,2400000,0.0077726515,0.27184359821117227,6.653909631747349,1.2207030941624453e-08,17.73146080970764,8.917095184326172,26.648557662963867,-3.051757735406113e-09,1.831054596834747e-08,1.4725466966629028,8.548370361328125,0.00922340713441372,0.22007043659687042,0.18006950616836548,19.0
16.178858089866775,42.4665,500.0,1486.05,121,2420000,0.0072857803,0.13574155294899917,2.7931046424397996,-2.3651121949797016e-08,17.94063925743103,8.948902130126953,26.889543056488037,2.2888182460434336e-09,-1.3732909920349812e-08,1.168716549873352,110.4919662475586,0.014642367139458656,0.30703258514404297,0.20800849795341492,29.0
11.07183074547574,11.934999999999999,500.0,407.125,122,2440000,0.009950949,0.12170360593279456,1.0920056565931648,1.1062621929625038e-08,18.03009295463562,8.902440547943115,26.93253493309021,-4.959106458812812e-09,-5.340575981449547e-09,1.2670972347259521,0.2543528079986572,0.012456892989575863,0.18748579919338226,0.2164914608001709,11.0
8.503655070314018,7.921000000000001,500.0,267.65,123,2460000,0.0084215775,0.09706655471900086,1.5937732428122477,3.814699667259447e-10,18.186914443969727,8.894114017486572,27.081030130386353,-2.6702879907247734e-09,-2.2888182460434336e-09,1.3139474391937256,0.26846906542778015,0.011584402061998844,0.19772954285144806,0.2163928747177124,11.0
12.72494263818309,38.183,500.0,1425.775,124,2480000,0.008944858,0.23529489916648455,5.37344036079516,-5.531310964812519e-09,18.05425190925598,8.935113191604614,26.98936700820923,6.866454960174906e-09,1.525878801089675e-08,1.981450080871582,44.453514099121094,0.005094046238809824,0.08874767273664474,0.15871326625347137,25.0
13.467276864385298,42.171,500.0,1570.45,125,2500000,0.007851659,0.1490683438908902,2.9487627796306732,-7.629394893626795e-09,18.04776692390442,8.923214673995972,26.970985889434814,-1.1444091230217168e-09,-1.5258788677030566e-09,1.4529356956481934,79.21061706542969,0.009474072605371475,0.10021447390317917,0.18082848191261292,28.0
11.67919691827816,12.982,500.0,329.225,126,2520000,0.008038852,0.11431607752919766,1.6091803890125007,-2.5939939973795845e-08,17.943625450134277,8.888590097427368,26.83221745491028,7.629394338515283e-10,-1.525878801089675e-08,1.1199779510498047,0.317020058631897,0.01594449393451214,0.2578592896461487,0.23614808917045593,13.0
13.161014564360233,13.069999999999999,500.0,304.45,127,2540000,0.009714215,0.10140545308518752,2.5856327864394824,4.577636492086867e-09,17.90589714050293,8.908334493637085,26.81423592567444,3.051757735406113e-09,0.0,1.416085958480835,0.324380487203598,0.009973561391234398,0.22643731534481049,0.18050020933151245,13.0
11.124049458822444,24.3125,500.0,870.1,128,2560000,0.0066451887,0.0944671370800893,4.387095823333522,1.9836425835251248e-08,18.064853191375732,8.893111944198608,26.95796775817871,1.2207030941624453e-08,3.814697180359872e-08,1.3677946329116821,0.21896620094776154,0.010690247640013695,0.1533101499080658,0.19149163365364075,10.0
14.083116988132256,66.419,500.0,2772.65,129,2580000,0.006869215,0.1561853082435336,6.384670684747635,1.2779236158166896e-07,17.980241537094116,8.930538892745972,26.9107825756073,9.918212917625624e-09,1.3427734302240424e-07,1.7016096115112305,195.34469604492188,0.006907319184392691,0.14242002367973328,0.161580428481102,31.0
19.40003621122314,113.4585,500.0,4928.7,130,2600000,0.009474789,0.210492281815049,5.7814447141756675,1.9073485191256623e-07,18.07719922065735,8.951039791107178,27.02824068069458,-7.629394338515283e-10,1.8310547034161573e-07,1.524655818939209,544.1018676757812,0.008603711612522602,0.0940861701965332,0.18108226358890533,34.0
19.10393284545355,99.393,500.0,4275.275,131,2620000,0.009120005,0.2040908197593537,6.219847398654671,2.3651121949797016e-08,18.078080654144287,8.929825067520142,27.007907390594482,-3.814697002724188e-09,2.8991697931246563e-08,1.5909346342086792,483.5045471191406,0.007901777513325214,0.18655990064144135,0.17734310030937195,34.0
16.861839079190105,72.4375,500.0,2983.525,132,2640000,0.00699762,0.1422773760073124,4.571150524449196,1.5258785346361492e-09,17.924161195755005,8.950968742370605,26.875131845474243,-2.2888182460434336e-09,-1.5258788677030566e-09,1.3520033359527588,190.4237518310547,0.010941429063677788,0.24677491188049316,0.194416806101799,32.0
11.593943393671598,31.764499999999998,500.0,1181.6,133,2660000,0.0071627973,0.1443007933082664,4.096320597609138,6.1035150267230165e-09,18.07116937637329,8.923346757888794,26.994518041610718,-9.155272984173735e-09,-2.1362303925798187e-08,1.2572009563446045,24.656265258789062,0.012653778307139874,0.29430609941482544,0.19265879690647125,22.0
12.557238609769382,10.8735,500.0,314.825,134,2680000,0.007632188,0.24454132331309805,3.059895078847363,2.6893614446521497e-08,18.010270595550537,8.903587102890015,26.913861513137817,-9.155272984173735e-09,1.831054596834747e-08,1.4299181699752808,0.28176987171173096,0.00978153944015503,0.1925956904888153,0.18341317772865295,13.0
11.158274229592852,15.213500000000002,500.0,470.175,135,2700000,0.0093897395,0.1333097302609948,4.026057659137021,4.577636492086867e-09,18.20472264289856,8.901384592056274,27.106109142303467,-4.577636492086867e-09,0.0,1.442238450050354,0.4525764286518097,0.009615134447813034,0.3069250285625458,0.17460305988788605,15.0
14.712025337850438,36.765499999999996,500.0,1273.0,136,2720000,0.009045608,0.20466533935848316,6.917281134265243,-1.7929076889799944e-08,18.12011694908142,8.922830820083618,27.04294991493225,-3.814697002724188e-09,-2.0599363992346298e-08,1.4987471103668213,44.21748733520508,0.008903746493160725,0.1971067190170288,0.18719254434108734,24.0
13.781324416166598,36.5455,500.0,1335.875,137,2740000,0.007956518,0.15988434171363428,3.9457621649572046,3.204345588869728e-08,18.15973663330078,8.917695045471191,27.077433824539185,-6.103515470812226e-09,1.525878801089675e-08,1.4267005920410156,39.27667236328125,0.009825707413256168,0.24529041349887848,0.17098355293273926,25.0
12.408781900712372,15.4465,500.0,443.45,138,2760000,0.0076799956,0.2570992619297497,2.7752435515640648,5.836486494104065e-08,17.9464852809906,8.799788236618042,26.746275186538696,-2.0599363992346298e-08,2.7465819840699623e-08,1.3512141704559326,0.4799627959728241,0.01095421239733696,0.3346061110496521,0.18103720247745514,16.0
12.52717464502599,18.802,500.0,592.325,139,2780000,0.008578128,0.19528369725367445,3.657840215020878,-1.2969969986897922e-08,18.147336959838867,8.874722719192505,27.022061586380005,1.5258788677030566e-09,-1.9836425835251248e-08,1.3018406629562378,0.30174458026885986,0.011800868436694145,0.22160974144935608,0.19730637967586517,13.0
11.768488705219374,43.088,500.0,1691.425,140,2800000,0.009097187,0.20703900779603393,7.997862985711189,4.463195679704768e-08,18.082195281982422,8.919648885726929,27.001846075057983,-7.629394338515283e-10,4.882812376649781e-08,1.7380601167678833,79.20759582519531,0.0066206371411681175,0.18055973947048187,0.1501774787902832,27.0
13.171509168506764,57.51649999999999,500.0,2327.325,141,2820000,0.008160195,0.2561852848311518,5.979785870290866,-3.452300845196987e-08,18.14719796180725,8.938930034637451,27.086129903793335,-2.6702879907247734e-09,-2.7465819840699623e-08,1.6231669187545776,104.33084869384766,0.007591070607304573,0.26210469007492065,0.16079629957675934,29.0
14.780721517849278,26.326,500.0,889.1,142,2840000,0.008793592,0.19008756010395705,1.8140609435974413,1.602172794434864e-08,17.833285331726074,8.900634050369263,26.73392128944397,-9.155272984173735e-09,3.05175760217935e-08,1.3804397583007812,10.370992660522461,0.010495294816792011,0.2708114683628082,0.19177094101905823,17.0
12.910875747103299,12.309000000000001,500.0,408.4,143,2860000,0.006478208,0.17784987686878176,2.3820103819203227,-1.9454954980346884e-08,17.989320039749146,8.811516284942627,26.800838232040405,-3.051757735406113e-09,-1.1444091896350983e-08,1.1427491903305054,0.379529744386673,0.015315383672714233,0.31020236015319824,0.2471446394920349,16.0
12.975659614770723,18.027,500.0,511.375,144,2880000,0.0089206975,0.2236321827669622,5.148671417403373,-9.155272095995315e-09,18.108571529388428,8.905059576034546,27.01363492012024,-7.629394338515283e-10,-4.577636492086867e-09,1.6555099487304688,0.19474874436855316,0.007297360338270664,0.1014920100569725,0.16842399537563324,11.0
10.332678645571363,34.205,500.0,1318.425,145,2900000,0.006786366,0.20283644082629756,5.6088971144834145,-4.425048771850015e-08,18.34447979927063,8.926693439483643,27.27117681503296,-5.340575981449547e-09,-4.2724607851596375e-08,1.5678561925888062,53.58425521850586,0.008136113174259663,0.07670728862285614,0.19170095026493073,25.0
13.494730403063079,70.0355,500.0,2957.875,146,2920000,0.009894773,0.28515109406060474,5.756380810859097,-1.3065338144713223e-08,18.153821229934692,8.949181079864502,27.103003978729248,2.479553229406406e-09,-1.831054596834747e-08,1.5429084300994873,223.81417846679688,0.008401351049542427,0.10940438508987427,0.17531155049800873,31.0
13.638435885664274,64.28,500.0,2663.075,147,2940000,0.0077153915,0.23028046050269133,6.729340183583035,1.8692015046894994e-08,18.187610387802124,8.930239915847778,27.117851972579956,-3.051757735406113e-09,2.4414061883248905e-08,1.6746712923049927,216.35250854492188,0.007131325080990791,0.1212751716375351,0.1487976759672165,31.0
12.772358826564012,46.295,500.0,1815.0,148,2960000,0.009032205,0.2441917483807559,5.144117819199896,-2.1362303925798187e-08,18.227563619613647,8.91088080406189,27.13844609260559,-3.051757735406113e-09,-3.814697180359872e-08,1.5848602056503296,108.2062759399414,0.007962464354932308,0.09139123558998108,0.17766223847866058,28.0
11.85478952095645,23.851,500.0,807.425,149,2980000,0.007800001,0.22448966638867263,2.1295938879061658,3.52859501617786e-08,17.90992569923401,8.900078773498535,26.810006380081177,-1.6117095213985522e-08,2.1362303925798187e-08,1.145194411277771,0.3375372588634491,0.015250048600137234,0.2729771137237549,0.25272732973098755,15.0
12.096947239637469,20.963,500.0,713.575,150,3000000,0.0072153257,0.275792491723113,5.232332856032499,-9.63211022053656e-09,18.10564422607422,8.864035367965698,26.96968150138855,-3.051757735406113e-09,-2.4414061883248905e-08,1.4604527950286865,0.19688592851161957,0.009376795962452888,0.14318576455116272,0.16828662157058716,8.0
13.07997152812979,25.940499999999997,500.0,860.8,151,3020000,0.003078903,0.20353990940816083,3.9933190084566736,-1.8692015046894994e-08,17.942096948623657,8.91896939277649,26.86106824874878,-9.346008411625917e-09,-2.7465819840699623e-08,1.357660174369812,3.650545120239258,0.010850442573428154,0.2872231602668762,0.191162571310997,17.0
12.683257501976438,20.194,500.0,581.525,152,3040000,0.009026343,0.2898520145161896,4.217758152211547,6.8664558483533256e-09,18.21566128730774,8.873742580413818,27.08940577507019,-1.2207030941624453e-08,-5.340575981449547e-09,1.3407970666885376,0.17876416444778442,0.01112508773803711,0.1307601034641266,0.16233883798122406,8.0
12.447892662152025,42.8585,500.0,1680.4,153,3060000,0.008113102,0.19696464397867394,10.543693627977067,-4.959106458812812e-09,18.07345676422119,8.931619882583618,27.00507879257202,3.433227480087453e-09,0.0,1.4242030382156372,103.78877258300781,0.009860198944807053,0.12288227677345276,0.1705632507801056,27.0
15.407848815157568,71.3705,500.0,2965.625,154,3080000,0.008110028,0.2055607982003575,9.422142574134146,2.6702879907247734e-08,18.216760873794556,8.954100847244263,27.17086362838745,-1.907348501362094e-09,2.1362303925798187e-08,1.4521883726119995,302.10601806640625,0.009483826346695423,0.1632341593503952,0.15263782441616058,32.0
18.376242355124088,85.06949999999999,500.0,3505.425,155,3100000,0.008232459,0.20675370544669736,12.046704074683463,-9.155272984173735e-09,18.28453779220581,8.94401478767395,27.228554725646973,-4.577636492086867e-09,3.051757735406113e-09,1.4091683626174927,281.7952880859375,0.01007172279059887,0.12664467096328735,0.1620001345872879,32.0
14.584126686582414,55.061,500.0,2151.75,156,3120000,0.008798576,0.21561057813655418,5.725939672008441,-1.831054774470431e-08,18.20526671409607,8.919131517410278,27.1243999004364,-3.814697002724188e-09,-9.155272984173735e-09,1.2619075775146484,95.27816772460938,0.012559561990201473,0.3147590160369873,0.19771860539913177,28.0
12.75431603481476,23.566000000000003,500.0,804.225,157,3140000,0.006465587,0.20484089510171277,2.108377823860023,-1.0299682173808833e-07,18.11033034324646,8.894330501556396,27.00466299057007,-1.678466787780053e-08,-1.098632793627985e-07,1.2638620138168335,0.20117110013961792,0.012520748190581799,0.1263524442911148,0.1948346346616745,12.0
9.920563602721407,3.8495000000000004,500.0,73.7,158,3160000,0.0072970833,0.2171373339405485,1.3244689411038806,-1.6212464259979242e-08,17.948726177215576,8.898144245147705,26.84687376022339,-6.294250454175199e-09,-3.356933575560106e-08,1.140447735786438,0.22490572929382324,0.015377258881926537,0.17270641028881073,0.22980870306491852,13.0
9.125327885313968,4.161,500.0,90.675,159,3180000,0.009219101,0.1862554049392225,1.8269700835844513,1.2207030941624453e-08,18.170981645584106,8.808486223220825,26.979469537734985,-5.7220459481754915e-09,-3.051757735406113e-09,1.4455770254135132,0.26925423741340637,0.009570774622261524,0.1676909625530243,0.17030495405197144,13.0
8.380659188260394,13.574000000000002,500.0,455.675,160,3200000,0.0065889433,0.1669281103167754,3.976675429693453,6.103515470812226e-09,18.20185422897339,8.925430297851562,27.127286911010742,-4.577636492086867e-09,3.051757735406113e-09,1.249250888824463,0.2686198353767395,0.012815345078706741,0.1627824455499649,0.20102812349796295,14.0
11.829184313543596,49.5795,500.0,1966.475,161,3220000,0.00794664,0.18504856066054598,5.641849053969049,5.56945778384943e-08,18.384490966796875,8.89017128944397,27.274664163589478,0.0,4.882812376649781e-08,1.201771855354309,85.5036849975586,0.013847952708601952,0.16594694554805756,0.19086235761642456,28.0
9.659412832112295,56.029500000000006,500.0,2367.725,162,3240000,0.0086803585,0.15182034431891456,6.724191884250398,1.4877318932349226e-08,18.183387517929077,8.914456844329834,27.097846031188965,-1.5258788677030566e-09,1.1062621929625038e-08,1.4923089742660522,196.3466033935547,0.008980737067759037,0.1454458236694336,0.17874884605407715,30.0
11.81572825427635,40.888999999999996,500.0,1620.9,163,3260000,0.007182178,0.20292006628053963,5.42134854869478,-3.356933575560106e-08,18.006176948547363,8.908921718597412,26.915100574493408,1.1444091896350983e-08,-2.6702879907247734e-08,1.4295216798782349,49.68668746948242,0.009786964394152164,0.22991597652435303,0.17599168419837952,26.0
12.1765950397363,20.0305,500.0,717.75,164,3280000,0.009257448,0.16107706560688034,1.8921268924026733,-3.814696114545768e-09,17.909721851348877,8.88992691040039,26.79965043067932,-9.918212917625624e-09,-3.051757735406113e-09,1.148767113685608,0.2193438559770584,0.015155340544879436,0.1773657649755478,0.22441628575325012,12.0
10.774479695320544,17.817500000000003,500.0,634.3,165,3300000,0.009866987,0.18487532006422425,6.913152264181975,0.0,18.168208360671997,8.894175291061401,27.062385082244873,4.577636492086867e-09,0.0,1.3099251985549927,0.3103732168674469,0.011655652895569801,0.2359839379787445,0.1917364001274109,14.0
11.856380200274632,24.462,500.0,901.7,166,3320000,0.007553832,0.2029211975776466,1.8560108278207719,-2.8991696154889723e-08,17.981718063354492,8.869995594024658,26.851715564727783,-1.5258788677030566e-09,-2.8228759774151513e-08,1.2876173257827759,0.18433234095573425,0.01206301897764206,0.13033543527126312,0.19988034665584564,10.0
10.57523910881894,7.862,500.0,217.675,167,3340000,0.006615107,0.15613651602131545,2.833362648365604,-1.6593933338526767e-08,18.217324018478394,8.916184902191162,27.133511066436768,-5.531310964812519e-09,-2.1362303925798187e-08,1.2197129726409912,0.5431301593780518,0.013443563133478165,0.4448089301586151,0.1928882896900177,18.0
14.72823122896005,45.480000000000004,500.0,1808.875,168,3360000,0.0073542385,0.2666651071683996,7.141566723167517,6.523131901303714e-08,18.161765813827515,8.827933549880981,26.98970103263855,-5.340575981449547e-09,6.484984993448961e-08,1.6979893445968628,107.6297378540039,0.006936804391443729,0.13683392107486725,0.12847353518009186,28.0
16.44325685611207,72.79549999999999,500.0,3017.8,169,3380000,0.008698329,0.18128700001509326,6.689627740489449,7.629394005448376e-09,18.233861207962036,8.945657730102539,27.17952060699463,-1.5258788677030566e-09,3.051757735406113e-09,1.4114161729812622,235.47744750976562,0.01003966759890318,0.22785118222236633,0.1717362254858017,32.0
13.118663718964786,43.579,500.0,1730.05,170,3400000,0.008156747,0.16805469178280252,2.8139586145710793,-1.1444091896350983e-08,18.038594245910645,8.922971725463867,26.961567878723145,3.051757735406113e-09,-7.629394005448376e-09,1.3393433094024658,59.42992401123047,0.011149252764880657,0.24261116981506348,0.17400585114955902,27.0
10.63188827062825,12.2055,500.0,358.85,171,3420000,0.009961946,0.1921548201067812,1.6486583839556215,2.4414061883248905e-08,18.064974069595337,8.930219173431396,26.995195388793945,1.2207030941624453e-08,2.7465819840699623e-08,1.0906927585601807,0.5337815284729004,0.016812212765216827,0.4567122161388397,0.23846444487571716,18.0
11.950408615899033,9.5775,500.0,291.175,172,3440000,0.00901574,0.14780382920222676,1.832120131117523,-1.7929076889799944e-08,18.25701093673706,8.896940469741821,27.153953552246094,4.1961669694501325e-09,-5.7220459481754915e-09,1.0757372379302979,0.34734752774238586,0.01728292927145958,0.32785701751708984,0.18888580799102783,15.0
11.408039310815397,36.4625,500.0,1501.15,173,3460000,0.009163538,0.14195708266583978,5.337232524118606,5.56945778384943e-08,18.39813780784607,8.928056240081787,27.32619571685791,4.577636492086867e-09,6.713867151120212e-08,1.4422351121902466,43.03304672241211,0.009615179151296616,0.2821589708328247,0.14276379346847534,24.0
14.113675882856892,63.3645,500.0,2659.6,174,3480000,0.008390676,0.2403314481044461,6.794578375026679,3.05175760217935e-08,18.27355122566223,8.941308975219727,27.21486210823059,-3.051757735406113e-09,1.9836425835251248e-08,1.5587807893753052,147.70887756347656,0.008231127634644508,0.22012580931186676,0.15571211278438568,30.0
15.719647436512494,47.8065,500.0,1887.525,175,3500000,0.007743685,0.24779846166634256,3.716389123953072,-1.525878978725359e-09,18.134331703186035,8.936973094940186,27.071306467056274,-7.629394005448376e-09,-1.2207030941624453e-08,1.182281494140625,80.26280212402344,0.014308294281363487,0.4730539619922638,0.17206312716007233,28.0
10.669934656880784,19.4835,500.0,680.175,176,3520000,0.0064674285,0.1191753817306962,1.6203524473366464,1.6975402417074292e-08,18.152766704559326,8.897770404815674,27.050539016723633,-1.1539459165987864e-08,2.1362303925798187e-08,0.8662384748458862,0.34438496828079224,0.026653539389371872,0.3683009147644043,0.2519816756248474,16.0
9.260260806426512,8.282,500.0,241.75,177,3540000,0.0067926687,0.12875011513235082,1.938236814129884,-3.204345588869728e-08,17.989418745040894,8.927758932113647,26.917179346084595,-1.5258788677030566e-09,-1.2207030941624453e-08,1.102439045906067,0.8139289021492004,0.01645585708320141,0.7349786758422852,0.17572259902954102,21.0
10.88740453682881,23.542,500.0,941.375,178,3560000,0.008202278,0.11284062023612725,2.937376869370224,4.882812376649781e-08,18.407262563705444,8.916985034942627,27.324251413345337,3.051757735406113e-09,6.561278809158466e-08,1.1649081707000732,0.314470499753952,0.014738264493644238,0.27104875445365906,0.1696251481771469,14.0
8.592889213604732,71.80799999999999,500.0,3196.1,179,3580000,0.006857872,0.07364608920683527,2.9599102595809157,7.86781271244763e-08,18.432482481002808,8.953628540039062,27.386112689971924,-8.583068478174027e-09,2.7465819840699623e-08,1.2732468843460083,142.4953155517578,0.0123368538916111,0.21769961714744568,0.18122577667236328,30.0
8.36982906053954,97.178,500.0,4362.3,180,3600000,0.008199929,0.0887602227603554,6.509783969487354,1.0681151962899094e-07,18.243503093719482,8.955011367797852,27.198516607284546,2.2888182460434336e-09,9.72747784544481e-08,1.096192479133606,225.12823486328125,0.016643939539790154,0.32197749614715576,0.1755172610282898,32.0
8.34321165836263,73.44300000000001,500.0,3276.75,181,3620000,0.007047377,0.11807348491374854,3.3570043041447923,-1.2588500020171978e-08,18.292003393173218,8.944137334823608,27.236142873764038,-6.866454960174906e-09,-6.103515470812226e-09,1.1630176305770874,209.26702880859375,0.014786215499043465,0.17533566057682037,0.19454844295978546,32.0
8.666987491208236,25.796999999999997,500.0,955.05,182,3640000,0.008395872,0.14367304842942838,1.9612379525877108,-5.340575981449547e-09,18.00703477859497,8.92292332649231,26.929959774017334,-1.5258788677030566e-09,-1.0681151962899094e-08,1.0641965866088867,3.4211723804473877,0.017659809440374374,0.4440002143383026,0.23238839209079742,18.0
11.671247210922697,31.101999999999997,500.0,1241.05,183,3660000,0.006988645,0.11731142018014079,3.3947170459540787,2.7465819840699623e-08,18.35332179069519,8.92981481552124,27.283138275146484,-1.5258788677030566e-09,1.831054596834747e-08,1.1899895668029785,22.5234432220459,0.014123533852398396,0.25513139367103577,0.152018204331398,22.0
9.021347671352611,32.106,500.0,1335.275,184,3680000,0.0075725857,0.12072052254703394,2.1009636244956096,-3.814697002724188e-09,18.123440265655518,8.92876148223877,27.0522038936615,0.0,0.0,1.0007303953170776,21.178831100463867,0.019970808178186417,0.8840263485908508,0.18486268818378448,22.0
9.467388386403083,17.305,500.0,589.725,185,3700000,0.009674447,0.16129863687144344,1.4994029553073227,6.103515470812226e-09,18.044223308563232,8.863868713378906,26.908093690872192,-3.051757735406113e-09,-3.051757735406113e-09,1.1037088632583618,0.6269928216934204,0.01641801744699478,0.5627678036689758,0.15358959138393402,19.0
11.54150134900414,25.827500000000004,500.0,888.4,186,3720000,0.009264532,0.1673370031461974,6.996434976416788,-2.1362303925798187e-08,18.28471064567566,8.908012628555298,27.19272494316101,6.103515470812226e-09,-7.629394005448376e-09,1.3386623859405518,2.798039197921753,0.011160599067807198,0.1858845055103302,0.1559400111436844,14.0
11.357131100371067,39.041999999999994,500.0,1482.225,187,3740000,0.006599063,0.15397042666508515,6.661727338839489,5.035400363340159e-08,18.413734912872314,8.93585205078125,27.349588632583618,-9.155272984173735e-09,2.1362303925798187e-08,1.4355040788650513,50.1430778503418,0.009705562144517899,0.3250944912433624,0.13233080506324768,26.0
9.932664077383777,33.996500000000005,500.0,1299.425,188,3760000,0.008985227,0.1572364414597203,3.4677925116696935,1.3160705414350105e-08,18.118446350097656,8.921651601791382,27.040099620819092,-3.8146971692576415e-10,0.0,1.1440165042877197,22.679094314575195,0.015281470492482185,0.715050995349884,0.1532890498638153,22.0
11.334273116771593,17.5385,500.0,564.95,189,3780000,0.00918597,0.11981812102162534,1.2183977720084465,8.392333938900265e-09,18.40876841545105,8.908995628356934,27.317766189575195,-1.2207030941624453e-08,-9.155272984173735e-09,1.1400630474090576,0.49339956045150757,0.015387638472020626,0.45330992341041565,0.17510554194450378,17.0
9.143562562321895,23.698,500.0,925.125,190,3800000,0.007859765,0.12428433461838467,5.665031620803153,-9.155272984173735e-09,18.478585958480835,8.852318525314331,27.33090615272522,-1.1444091230217168e-09,-7.629394005448376e-09,1.1391358375549316,0.32245925068855286,0.01541269849985838,0.2734878957271576,0.17953559756278992,14.0
12.195204853539403,65.168,500.0,2777.3,191,3820000,0.008908667,0.11234753696591991,5.973118529577923,5.035400008068791e-08,18.444283485412598,8.940637111663818,27.38492226600647,-6.103515470812226e-09,3.9672851670502496e-08,1.1060242652893066,201.48916625976562,0.016349347308278084,0.3690713346004486,0.17671538889408112,31.0
10.10911258453456,61.536,500.0,2671.175,192,3840000,0.006665904,0.1420057429178695,3.645833366615757,6.103515470812226e-09,18.39422059059143,8.945324897766113,27.33954930305481,-3.051757735406113e-09,-6.103515470812226e-09,1.1524591445922852,140.55809020996094,0.015058392658829689,0.21587662398815155,0.1719771921634674,31.0
10.372619977582096,40.682,500.0,1633.075,193,3860000,0.007882274,0.17392517137726782,3.0266317829204974,-3.051757735406113e-09,18.177921533584595,8.921021461486816,27.098944664001465,-6.866454960174906e-09,-3.051757735406113e-09,1.3078248500823975,53.02872848510742,0.011693120002746582,0.38422396779060364,0.14182507991790771,27.0
11.38891423753799,15.817000000000002,500.0,482.725,194,3880000,0.007299904,0.13792728331343385,1.2377029936404744,-4.1961666141787646e-08,18.37107491493225,8.928575038909912,27.299651861190796,1.2207030941624453e-08,-3.3950804834148585e-08,1.2675710916519165,0.4518256187438965,0.012447580695152283,0.3491770327091217,0.1552537977695465,18.0
11.606078289460513,19.224,500.0,607.5,195,3900000,0.008521804,0.1662581671195425,9.082497755509273,6.866454516085696e-09,18.32359528541565,8.91849160194397,27.24208903312683,4.959106458812812e-09,9.918212917625624e-09,1.235184907913208,0.6216608285903931,0.013108882121741772,0.4885141849517822,0.157200425863266,20.0
12.783717619091842,40.7045,500.0,1494.95,196,3920000,0.0068935575,0.16185193785294227,4.007049000642861,2.2888183792701966e-08,18.45645570755005,8.918844223022461,27.37530207633972,-3.051757735406113e-09,-6.866454960174906e-09,0.9488175511360168,60.20387649536133,0.02221592329442501,0.48875492811203003,0.16915297508239746,28.0
10.384933558471426,47.8435,500.0,1952.175,197,3940000,0.007737403,0.1830207452605105,8.94487018896516,1.678466610144369e-08,18.264121294021606,8.944271087646484,27.208394527435303,-6.103515470812226e-09,7.629394005448376e-09,1.1758307218551636,56.82730484008789,0.01446571946144104,0.3552286922931671,0.16840215027332306,28.0
10.928601021926536,30.082000000000004,500.0,1131.525,198,3960000,0.0070611113,0.1700062517053003,2.352133652662775,-2.6130676289426447e-08,18.44779109954834,8.918370723724365,27.36616349220276,-7.629394338515283e-10,-3.414153937342235e-08,1.4007433652877808,17.65696144104004,0.010193243622779846,0.31830430030822754,0.1191791221499443,22.0
9.870495251757333,7.1800000000000015,500.0,196.55,199,3980000,0.0071348646,0.16328571792098748,1.2663336980115076,3.662109193669494e-08,18.200376510620117,8.92053508758545,27.12091374397278,-4.577636492086867e-09,4.1961669694501325e-08,1.1142724752426147,0.7658835649490356,0.01610819809138775,0.6682978272438049,0.14353322982788086,21.0
9.617461139931773,8.998499999999998,500.0,296.175,200,4000000,0.0067684143,0.19449626221351182,2.7046864041097605,1.3732909920349812e-08,18.28180193901062,8.911460638046265,27.19326424598694,1.5258788677030566e-09,-6.103515470812226e-09,1.0542317628860474,0.43546462059020996,0.017995236441493034,0.36634865403175354,0.1699688583612442,18.0
11.41475236844486,49.586,500.0,2035.575,201,4020000,0.0065165428,0.15859302567543498,5.441635401841181,3.814697002724188e-09,18.563759088516235,8.918226957321167,27.481987714767456,1.907348501362094e-09,4.3487546008691425e-08,1.0877728462219238,74.09205627441406,0.016902592033147812,0.4015464782714844,0.14893285930156708,28.0
12.35210804901659,74.888,500.0,3245.9,202,4040000,0.009359187,0.16659939905545515,5.378044204043735,2.2888180239988287e-09,18.50511384010315,8.94518518447876,27.450300693511963,2.2888182460434336e-09,-2.2888182460434336e-09,1.2860569953918457,142.04412841796875,0.012092307209968567,0.2480030059814453,0.1464284062385559,32.0
9.877484391497054,34.271,500.0,1382.6,203,4060000,0.0068885754,0.16838951555976442,1.5079403472174504,-9.918212917625624e-09,18.5067355632782,8.940787076950073,27.447524309158325,-1.2969969986897922e-08,-7.629394005448376e-09,1.2404955625534058,47.86107635498047,0.012996882200241089,0.5096683502197266,0.1282242387533188,27.0
8.449156704420579,8.0365,500.0,251.1,204,4080000,0.007652526,0.17195037949569286,1.2868219725645271,2.7465819840699623e-08,17.980326414108276,8.825140237808228,26.805468559265137,-4.577636492086867e-09,6.103515470812226e-09,1.199304223060608,0.8185717463493347,0.013904998078942299,0.6778482794761658,0.17041470110416412,22.0
10.228340707902783,9.152,500.0,241.1,205,4100000,0.00878162,0.17667348889788245,3.794198129131536,9.155272984173735e-09,18.336305141448975,8.920146226882935,27.256453037261963,0.0,-6.103515470812226e-09,1.3092899322509766,0.5157439708709717,0.011666965670883656,0.38865330815315247,0.1281728744506836,19.0
10.332328397295067,31.025,500.0,1197.925,206,4120000,0.009845671,0.1469152833744409,3.352878293793672,5.340576425538757e-09,18.542438507080078,8.93637466430664,27.47881531715393,-3.8146971692576415e-10,6.484984993448961e-09,1.3736088275909424,36.56854248046875,0.01059994101524353,0.26738277077674866,0.13153782486915588,24.0
8.625620561280769,38.378499999999995,500.0,1544.775,207,4140000,0.00835845,0.1640612379380852,4.373629465528355,1.4114378998897337e-08,18.377123594284058,8.914254903793335,27.291380405426025,-3.8146971692576415e-10,-7.629394005448376e-09,1.0721181631088257,44.05963134765625,0.017399808391928673,0.5156745910644531,0.1746927946805954,26.0
7.895064950507631,24.7285,500.0,978.55,208,4160000,0.009384062,0.16494492620799192,0.8640136686859616,1.0681151962899094e-08,18.348588705062866,8.921736001968384,27.270326375961304,-4.959106458812812e-09,6.103515470812226e-09,1.2297720909118652,0.47609367966651917,0.013224533759057522,0.3793538510799408,0.127007856965065,18.0
5.5802985890673495,17.2755,500.0,738.35,209,4180000,0.007975458,0.1461631053382424,2.2984696579586927,9.155272984173735e-09,18.336347341537476,8.900866746902466,27.237215757369995,0.0,-7.629394005448376e-09,1.1453421115875244,0.45171916484832764,0.015246117487549782,0.3815263509750366,0.15807585418224335,18.0
8.373642899319824,45.984,500.0,2010.4,210,4200000,0.0072474265,0.11817578015386299,3.2056506532013036,-4.425048771850015e-08,18.4711856842041,8.933608293533325,27.4047954082489,1.1444091896350983e-08,-3.814697180359872e-08,1.099990725517273,59.942283630371094,0.01652919314801693,0.4580918848514557,0.16382157802581787,27.0
7.599645139940196,61.08700000000001,500.0,2679.5,211,4220000,0.008603448,0.15406331986093977,5.0510215502635685,2.7465818064342784e-08,18.43462324142456,8.802558422088623,27.237183570861816,0.0,6.103515470812226e-09,1.1411243677139282,103.93315124511719,0.015359028242528439,0.37663188576698303,0.1605316698551178,30.0
9.183866690587914,41.5205,500.0,1761.0,212,4240000,0.009455288,0.13995479208411304,1.5854257333050867,1.3351439953623867e-08,17.947816371917725,8.929474830627441,26.877294778823853,-6.103515470812226e-09,1.3732909920349812e-08,1.105429768562317,67.75970458984375,0.01636693626642227,0.5867350697517395,0.15686346590518951,27.0
9.930368014343976,14.538,500.0,559.775,213,4260000,0.0066477414,0.14056576760426448,1.0525833785154257,0.0,18.09074378013611,8.80834674835205,26.899092435836792,-6.103515470812226e-09,-7.629394338515283e-10,0.9847140312194824,0.5898926854133606,0.02062574028968811,0.43284696340560913,0.18068340420722961,20.0
7.777458143079876,12.870999999999999,500.0,463.75,214,4280000,0.009514197,0.14966890706093447,1.5071277409222474,2.2125242082893237e-08,18.554654121398926,8.905449151992798,27.460105180740356,-3.433227480087453e-09,3.051757735406113e-09,1.1731754541397095,0.6986863017082214,0.014531276188790798,0.449745774269104,0.13432897627353668,20.0
8.441315205273382,36.0385,500.0,1448.55,215,4300000,0.008676925,0.1492645472596595,4.638880197865189,4.730224389959403e-08,18.418350219726562,8.922957420349121,27.341309309005737,-4.577636492086867e-09,2.1362303925798187e-08,1.1973011493682861,26.695911407470703,0.013951564207673073,0.2859918177127838,0.14249391853809357,24.0
8.16789634977906,37.859,500.0,1596.175,216,4320000,0.008945883,0.13484271042476034,1.40231580943059,2.4414061883248905e-08,18.162655115127563,8.926856994628906,27.089513778686523,-2.2888182460434336e-09,-6.103515470812226e-09,1.1561037302017212,49.28009033203125,0.014963599853217602,0.6693657636642456,0.1352265626192093,26.0
7.927986497232479,17.002,500.0,684.825,217,4340000,0.009325378,0.17090509544797006,1.5757592728563175,1.678466787780053e-08,18.32440423965454,8.914403915405273,27.238810062408447,0.0,-6.103515470812226e-09,0.9857761859893799,0.4613492786884308,0.020581314340233803,0.43286293745040894,0.1634272187948227,17.0
6.7290281352168835,6.9435,500.0,130.05,218,4360000,0.008078676,0.1490511616632627,1.0562519713571876,-1.2207030053446033e-08,18.14770770072937,8.82976770401001,26.977477312088013,0.0,0.0,1.206954836845398,0.7127984762191772,0.01372927613556385,0.5824372172355652,0.1456701159477234,21.0
8.070485681569874,35.4335,500.0,1518.625,219,4380000,0.0075592976,0.15173241760652917,3.912162344167187,-2.4414061883248905e-08,18.473052501678467,8.9473397731781,27.42039442062378,-1.5258788677030566e-09,0.0,1.302278995513916,29.559223175048828,0.011792926117777824,0.28377747535705566,0.1475645899772644,24.0
7.645192787079928,52.6125,500.0,2256.025,220,4400000,0.008782969,0.1459183099638125,3.939370844242679,-3.8146974468133976e-10,18.52927327156067,8.829935789108276,27.359211444854736,-1.3351439953623867e-09,2.4414061883248905e-08,1.2442253828048706,78.773681640625,0.012919077649712563,0.35287225246429443,0.13124613463878632,28.0
9.182065074654084,49.8625,500.0,2069.975,221,4420000,0.008641704,0.15617784469085894,1.5918399807753836,1.678466787780053e-08,18.282938718795776,8.94003677368164,27.22297692298889,-3.051757735406113e-09,1.0681151962899094e-08,1.2845733165740967,110.49872589111328,0.012120256200432777,0.653927206993103,0.12113914638757706,29.0
9.47014499111243,21.317,500.0,727.925,222,4440000,0.0083785765,0.17238401261864195,2.679678490131524,-3.356933575560106e-08,18.441694021224976,8.907979488372803,27.34967541694641,4.577636492086867e-09,3.051757735406113e-09,1.2454307079315186,0.6642008423805237,0.012894084677100182,0.3926182985305786,0.13692595064640045,20.0
7.215603397071712,33.998000000000005,500.0,1340.15,223,4460000,0.0076521956,0.17900157743103945,4.628119995108076,3.814697180359872e-08,18.380794048309326,8.928329229354858,27.30912494659424,7.629394005448376e-09,9.307861148499796e-08,1.1552380323410034,22.30731773376465,0.014986035414040089,0.3213600218296051,0.15838012099266052,23.0
7.2866290159635865,36.647000000000006,500.0,1569.5,224,4480000,0.009947455,0.1784607542524482,1.6185889344686155,-4.577636492086867e-09,18.510528802871704,8.917938470840454,27.42846941947937,-1.5258788677030566e-09,0.0,1.3836402893066406,46.10898208618164,0.01044679805636406,0.5472093820571899,0.09965787827968597,25.0
6.934572651458003,19.8645,500.0,745.925,225,4500000,0.009856355,0.17624469785743457,1.3473806716833905,-1.1444090119994144e-09,18.29495406150818,8.813414573669434,27.108370304107666,-2.7656554824062596e-09,0.0,1.1429588794708252,0.7879346013069153,0.015309765003621578,0.6894078254699707,0.1295347958803177,21.0
11.459158547202296,31.5925,500.0,1225.425,226,4520000,0.009979915,0.21736041821397034,7.112636622425857,-1.9836425835251248e-08,18.301132917404175,8.804138898849487,27.105273485183716,7.629394005448376e-09,-2.5939939973795845e-08,1.2688133716583252,12.841032981872559,0.012423219159245491,0.3054455816745758,0.13493530452251434,20.0
10.580928282233547,41.428,500.0,1652.95,227,4540000,0.007891847,0.2171067775529661,4.804844802352274,9.155272984173735e-09,18.42327332496643,8.825669527053833,27.248944997787476,3.814697002724188e-09,0.0,1.2345136404037476,38.634117126464844,0.013123142533004284,0.32861950993537903,0.14293430745601654,26.0
8.223165389402904,25.017500000000002,500.0,964.1,228,4560000,0.0,0.1447984661551038,2.5651949164973704,7.629394005448376e-09,18.26358962059021,8.966304540634155,27.229896068572998,5.340575981449547e-09,1.5258788677030566e-09,1.1939536333084106,1.0402246713638306,0.014029905200004578,0.8528957366943359,0.10742273181676865,82.0
8.88712865356284,15.107,500.0,517.2,229,4580000,0.009381893,0.1480143120002215,1.1556168575955044,-2.2888182016345127e-08,18.46421790122986,8.910165071487427,27.374384880065918,3.051757735406113e-09,-1.9836425835251248e-08,1.350823998451233,0.6709967255592346,0.010960541665554047,0.4367504417896271,0.11679147183895111,20.0
8.19611888089905,25.321,500.0,996.6,230,4600000,0.008875582,0.20279480776969036,5.939369933164803,3.6430357397421176e-08,18.40957474708557,8.917986392974854,27.327563762664795,8.583068478174027e-09,4.2724607851596375e-08,1.3254241943359375,1.0618054866790771,0.011384652927517891,0.38083788752555847,0.11874664574861526,19.0
12.049758571439579,40.67999999999999,500.0,1683.05,231,4620000,0.008405896,0.18900740293750337,1.496782133457767,-3.814697002724188e-09,18.31964421272278,8.82743763923645,27.14708375930786,8.392333938900265e-09,-7.629394005448376e-09,1.1309692859649658,69.08905792236328,0.015636088326573372,0.7218772172927856,0.11016958206892014,28.0
8.856527949852971,9.949000000000002,500.0,287.125,232,4640000,0.008665144,0.16318578419696753,1.2348200224767065,9.53674295089968e-09,18.384784698486328,8.926729440689087,27.31151580810547,-6.103515470812226e-09,-2.2888182460434336e-09,1.2396360635757446,0.6744720935821533,0.013014910742640495,0.5085042715072632,0.12444072216749191,20.0
7.792432325656426,12.4455,500.0,373.65,233,4660000,0.0069518094,0.20726265850815045,2.0690348879926526,-6.103515914901436e-09,18.521488904953003,8.918728113174438,27.440218925476074,0.0,4.577636492086867e-09,1.2832881212234497,0.6906116604804993,0.012144544161856174,0.3399936854839325,0.10610046237707138,21.0
8.262307485385035,23.819499999999998,500.0,962.125,234,4680000,0.009928677,0.1710179558296682,3.859111323743869,8.392333938900265e-09,18.596691846847534,8.91890287399292,27.515596389770508,-3.814697002724188e-09,1.2207030941624453e-08,1.1834176778793335,0.8035060167312622,0.014280835166573524,0.4713541865348816,0.1276024580001831,21.0
8.30413729897838,53.68300000000001,500.0,2292.125,235,4700000,0.009000877,0.11079169117199007,2.885326672853178,3.280639404579233e-08,18.49283266067505,8.921401977539062,27.414236307144165,6.103515470812226e-09,3.05175760217935e-08,1.0511583089828491,60.16213607788086,0.018100621178746223,0.3675552010536194,0.1656244397163391,27.0
6.914388893208615,57.8375,500.0,2526.4,236,4720000,0.008592602,0.181377562135458,2.650546845850671,-3.051757735406113e-09,18.505781173706055,8.915177583694458,27.420960426330566,-2.2888182460434336e-09,-1.2207030941624453e-08,1.2138181924819946,116.88162231445312,0.013574454002082348,0.5204457640647888,0.13121895492076874,31.0
6.52805685360252,23.823999999999998,500.0,974.375,237,4740000,0.0065676435,0.15210742795970408,1.324908406833175,3.967284811778882e-08,18.22447919845581,8.930057525634766,27.15453839302063,-6.103515470812226e-09,7.629394005448376e-09,1.1297023296356201,0.513796329498291,0.015671180561184883,0.3373209536075592,0.14250490069389343,19.0
6.102190455064675,9.2955,500.0,315.975,238,4760000,0.008523294,0.15823127414770188,1.66333003104872,1.1444090119994144e-09,18.48681378364563,8.809315204620361,27.296131134033203,3.814697002724188e-09,-7.629394338515283e-10,1.1387699842453003,0.6059897541999817,0.015422601252794266,0.5176343321800232,0.14624322950839996,20.0
5.997639866974642,25.176499999999997,500.0,1014.35,239,4780000,0.0066178115,0.1379588144362732,2.395839526774777,9.803771661154315e-08,18.42275881767273,8.878837823867798,27.30159878730774,-1.3160705414350105e-08,6.256103546320446e-08,1.1971021890640259,0.801507294178009,0.013956200331449509,0.29969218373298645,0.11773097515106201,20.0
6.328309369798471,51.45399999999999,500.0,2249.75,240,4800000,0.0077256477,0.15216141665105226,2.208250185980159,3.7002561015242463e-08,18.55752205848694,8.877713918685913,27.435237884521484,0.0,7.629394005448376e-09,0.7965425252914429,60.23960876464844,0.031521864235401154,0.5422245264053345,0.19075533747673035,27.0
6.989918806832345,44.827999999999996,500.0,1937.5,241,4820000,0.0077951667,0.147869191299768,2.3551853152597024,6.408691177739456e-08,18.205567121505737,8.873875617980957,27.079444408416748,-3.051757735406113e-09,4.2724607851596375e-08,1.2406456470489502,47.6461067199707,0.012993738986551762,0.43713051080703735,0.11802560091018677,26.0
8.702742190168001,27.4925,500.0,1079.25,242,4840000,0.008194568,0.13567269242066107,1.4130287462738669,-2.8991697931246563e-08,18.256013870239258,8.8581702709198,27.11418604850769,1.0681151962899094e-08,-6.103515470812226e-09,1.3330974578857422,11.47127914428711,0.011253969743847847,0.47536027431488037,0.11718261986970901,21.0
10.459130255786615,19.977999999999998,500.0,734.625,243,4860000,0.008522074,0.13016138144644201,2.932518055484553,-1.907348501362094e-09,18.318095207214355,8.849075317382812,27.1671724319458,-7.629394338515283e-10,6.103515470812226e-09,1.1983654499053955,0.7879065871238708,0.01392679288983345,0.6761131882667542,0.13800261914730072,22.0
8.597546758342064,30.709000000000003,500.0,1234.075,244,4880000,0.009779582,0.1300344601107441,3.91420496956558,3.05175760217935e-08,18.472155809402466,8.854552507400513,27.326712369918823,-3.051757735406113e-09,3.9672851670502496e-08,1.063370704650879,14.174595832824707,0.017687251791357994,0.34528112411499023,0.16924460232257843,21.0
6.970121957043037,34.6305,500.0,1419.7,245,4900000,0.008237519,0.1431022555158017,2.4493743056324635,3.0517575133615082e-09,18.519653797149658,8.861379623413086,27.381037950515747,-3.051757735406113e-09,1.5258788677030566e-09,1.277950406074524,28.021305084228516,0.012246208265423775,0.284546434879303,0.14098060131072998,25.0
7.428350523169925,10.247,500.0,334.775,246,4920000,0.0076816925,0.13141380926938193,1.4048256755634478,-4.5776360479976574e-09,18.13865351676941,8.821288108825684,26.959943294525146,-7.629394005448376e-09,-2.0599363992346298e-08,1.043432354927063,0.7013624906539917,0.018369661644101143,0.6008627414703369,0.15149393677711487,21.0
6.791466124082706,18.91,500.0,720.375,247,4940000,0.0072373548,0.12148736999340498,2.3482220377512038,0.0,18.480210304260254,8.840177059173584,27.32038927078247,3.051757735406113e-09,1.525878801089675e-08,1.1035301685333252,0.5774414539337158,0.016423335298895836,0.39010345935821533,0.1286790370941162,19.0
6.372590370703641,42.982,500.0,1814.1,248,4960000,0.008441605,0.10480677796539607,3.9724702084140415,-3.3950804834148585e-08,18.449587106704712,8.825531244277954,27.27512001991272,-4.00543198608716e-09,-1.1444091896350983e-08,1.0829546451568604,44.306610107421875,0.017053328454494476,0.5349529981613159,0.14852063357830048,26.0
7.095862522976181,33.888,500.0,1379.15,249,4980000,0.009752438,0.13194371614201814,3.280954118974649,-1.3351439953623867e-08,18.49360489845276,8.813610553741455,27.307217121124268,-6.103515470812226e-09,-4.577636492086867e-09,1.164844274520874,30.825220108032227,0.014739878475666046,0.3709123730659485,0.14485162496566772,25.0
9.113028149702956,15.315999999999999,500.0,539.725,250,5000000,0.0064080763,0.12164121109541434,1.1698455556183105,-1.2207030941624453e-08,18.150026082992554,8.837291240692139,26.987319231033325,9.53674250681047e-10,0.0,1.106579065322876,0.593986988067627,0.01633295603096485,0.5159246325492859,0.1362917721271515,21.0
8.455976592802598,14.260500000000002,500.0,492.85,251,5020000,0.008694439,0.12592639542261885,1.8050129724535973,-4.577636492086867e-09,18.38343644142151,8.792863368988037,27.17630171775818,0.0,9.918212917625624e-09,1.1309820413589478,0.7017527222633362,0.015635734423995018,0.45821869373321533,0.13263309001922607,21.0
6.49696926884597,32.302499999999995,500.0,1325.75,252,5040000,0.0070259185,0.11381421205676664,3.6760239493315385,1.4495849853801701e-08,18.41309642791748,8.680410861968994,27.093509197235107,-3.814697002724188e-09,1.5258788677030566e-09,1.0860246419906616,21.286983489990234,0.016957053914666176,0.7127372026443481,0.14162249863147736,24.0
8.57738511426048,51.064,500.0,2152.55,253,5060000,0.009801004,0.13140028081834315,3.422293191654667,-6.1035150267230165e-09,18.361198663711548,8.813743352890015,27.174943685531616,-3.814697002724188e-09,0.0,1.0822460651397705,48.76023483276367,0.017075667157769203,0.32917919754981995,0.13760800659656525,29.0
7.163949725586043,23.42,500.0,912.025,254,5080000,0.007975746,0.10136946640956174,1.0995915482757956,-1.2207030053446033e-08,18.283900022506714,8.768136024475098,27.052037715911865,3.051757735406113e-09,-7.629394338515283e-10,0.9785907864570618,0.46493321657180786,0.020884666591882706,0.42673319578170776,0.13985058665275574,18.0
6.388201936267887,13.2375,500.0,481.8,255,5100000,0.007726262,0.15207883984704687,1.798934815833523,2.632140905234337e-08,18.237882614135742,8.777396202087402,27.01528286933899,-5.340575981449547e-09,1.277923544762416e-08,1.081386685371399,0.5546411871910095,0.017102820798754692,0.4907934069633484,0.15352202951908112,19.0
6.842670261863935,27.522,500.0,1107.525,256,5120000,0.007709854,0.13950120534297009,2.363883890923421,1.525878978725359e-09,18.35874843597412,8.782611608505249,27.141361713409424,-1.5258788677030566e-09,1.0681151962899094e-08,0.9882296323776245,6.31842565536499,0.020479250699281693,0.3635905683040619,0.16678442060947418,19.0
6.998012042028945,36.436,500.0,1494.075,257,5140000,0.007867725,0.10772333068974838,3.107221260723794,-3.6239622858147413e-08,18.699463605880737,8.802321434020996,27.501786470413208,1.907348501362094e-09,6.103515470812226e-09,0.9277867078781128,21.79619789123535,0.02323450893163681,0.3224235773086548,0.19003599882125854,24.0
6.292759736862083,26.795000000000005,500.0,1077.675,258,5160000,0.007989635,0.11085093772857432,1.9103044564556924,-1.2207030941624453e-08,18.248175621032715,8.683779954910278,26.931957244873047,4.577636492086867e-09,9.155272984173735e-09,1.0206958055496216,5.136076927185059,0.019197167828679085,0.615341067314148,0.14683331549167633,22.0
9.194583724856978,36.9555,500.0,1475.7,259,5180000,0.009531421,0.08853503561276159,5.588187079065165,1.2207030941624453e-08,18.275701761245728,8.707094192504883,26.9827983379364,6.103515470812226e-09,-6.103515470812226e-09,0.9858620166778564,22.89284324645996,0.02057773247361183,0.4873047173023224,0.15856164693832397,24.0
6.827276553508082,58.694500000000005,500.0,2602.15,260,5200000,0.00961072,0.09703135103651672,1.887428167101684,0.0,18.294487476348877,8.819539070129395,27.114028215408325,-6.103515470812226e-09,-6.103515470812226e-09,1.1237822771072388,117.13287353515625,0.015836726874113083,0.5496391654014587,0.13859553635120392,30.0
6.475832814698876,15.8055,500.0,590.075,261,5220000,0.0072360747,0.09549513735161845,1.5746510641969693,3.051757957450718e-09,18.37202787399292,8.764988422393799,27.13701844215393,9.155272984173735e-09,9.155272984173735e-09,1.0029457807540894,0.5719249844551086,0.019882680848240852,0.3241795301437378,0.17018114030361176,20.0
6.229586964781412,24.095,500.0,983.775,262,5240000,0.008452664,0.07783749644069156,2.157442946988306,7.629394005448376e-09,18.416579723358154,8.720556735992432,27.137139081954956,7.629394005448376e-09,4.577636492086867e-09,0.965481698513031,1.021979570388794,0.02145565114915371,0.7797970175743103,0.12656213343143463,23.0
5.4980756471486085,81.1245,500.0,3696.925,263,5260000,0.007209668,0.059732326371654584,5.263543161465104,-5.931853763740946e-08,18.30766463279724,8.80845594406128,27.116122245788574,-1.5449524326527353e-08,-1.0452270515770579e-07,1.1080796718597412,95.91016387939453,0.016288749873638153,0.31308627128601074,0.15791215002536774,30.0
4.032354978019859,79.1665,500.0,3648.15,264,5280000,0.0074256794,0.09916035762163485,2.839073842763901,-1.2969969986897922e-08,18.477333068847656,8.692869901657104,27.170206546783447,-9.918212917625624e-09,-1.3732909920349812e-08,1.0119810104370117,182.09463500976562,0.019529227167367935,0.45403844118118286,0.14910967648029327,32.0
4.106060701650996,31.8645,500.0,1405.475,265,5300000,0.0076648113,0.06508172022261817,2.933903071265312,1.5258788677030566e-09,18.243141889572144,8.688935279846191,26.93208408355713,4.577636492086867e-09,2.4414061883248905e-08,0.8980017304420471,14.550546646118164,0.024801356717944145,0.6185722351074219,0.1626562923192978,23.0
4.3108530653246415,31.606,500.0,1412.3,266,5320000,0.0065902337,0.07962095794167108,1.3003533974194983,2.7465819840699623e-08,18.43934392929077,8.764119625091553,27.203465700149536,-1.525878801089675e-08,3.051757735406113e-09,0.9833879470825195,19.656726837158203,0.020681405439972878,0.5761057138442993,0.1635042130947113,24.0
5.93694742797049,8.915000000000001,500.0,323.325,267,5340000,0.00676805,0.07574390608129228,1.141243742491789,3.051757957450718e-09,18.089383125305176,8.696878910064697,26.786264181137085,-1.0681151962899094e-08,-1.831054596834747e-08,0.9080183506011963,0.7863515019416809,0.024257194250822067,0.8538077473640442,0.17104588449001312,23.0
10.004473842060369,12.603000000000002,500.0,456.075,268,5360000,0.00991694,0.07338546378787156,1.707017838005807,-7.629394005448376e-09,18.32914972305298,8.81900930404663,27.14816927909851,-1.678466787780053e-08,0.0,0.9974884390830994,0.6861363053321838,0.020100831985473633,0.455575168132782,0.15589985251426697,21.0
8.078244208762383,31.492499999999996,500.0,1247.375,269,5380000,0.006605292,0.08726406156969298,1.8259927751911673,7.095336229667737e-08,18.376948595046997,8.802323341369629,27.17927384376526,-1.5258788677030566e-09,4.730224389959403e-08,0.9330313205718994,15.623235702514648,0.022974038496613503,1.0401674509048462,0.14404834806919098,24.0
7.835597208504792,36.274,500.0,1468.6,270,5400000,0.007921842,0.10072575397789478,4.172135635546058,3.05175760217935e-08,18.368645668029785,8.80290675163269,27.171554803848267,-3.051757735406113e-09,3.356933575560106e-08,1.1003879308700562,17.202177047729492,0.016517264768481255,0.2795371115207672,0.1578722596168518,23.0
7.816252547018403,36.974000000000004,500.0,1591.475,271,5420000,0.0074638114,0.10611366235716328,1.2999773635606098,-1.2969969986897922e-08,18.477235317230225,8.796670198440552,27.27390742301941,0.0,7.629394338515283e-10,1.0062668323516846,58.212303161621094,0.01975165493786335,0.3883025050163269,0.14586633443832397,27.0
7.202089055873129,17.042499999999997,500.0,623.475,272,5440000,0.008181726,0.10583608518502895,1.3347147943487592,1.602172794434864e-08,18.31166934967041,8.766097068786621,27.077768087387085,-3.051757735406113e-09,-4.577636492086867e-09,1.1010594367980957,1.17274010181427,0.01649712398648262,1.0526000261306763,0.11171069741249084,24.0
9.660461216915014,25.211000000000002,500.0,880.1,273,5460000,0.0,0.12319864440400889,3.3216132762325796,4.425048771850015e-08,18.403335332870483,8.848539352416992,27.251876831054688,-1.5258788677030566e-09,1.678466787780053e-08,1.1021430492401123,0.8020485043525696,0.016464700922369957,0.5551181435585022,0.13064128160476685,77.0
8.995768468848599,30.439999999999998,500.0,1151.55,274,5480000,0.009395719,0.11937457595234084,3.041752621968081,-6.103515470812226e-09,18.277677297592163,8.725354433059692,27.00303363800049,-6.866454960174906e-09,2.7465819840699623e-08,1.021030068397522,9.087166786193848,0.019184598699212074,0.49697333574295044,0.16420550644397736,21.0
11.088957554375487,44.553,500.0,1785.775,275,5500000,0.009561749,0.1572758365564855,7.390762735020583,3.967284811778882e-08,18.288098096847534,8.643670320510864,26.931769847869873,-1.907348501362094e-09,2.4414061883248905e-08,1.2874150276184082,39.38818359375,0.012066810391843319,0.29296815395355225,0.11231855303049088,26.0
13.643846932717315,58.2035,500.0,2387.425,276,5520000,0.009268068,0.1313725653798527,2.319148218859533,1.602172794434864e-08,18.48189902305603,8.752569198608398,27.23447012901306,-6.866454960174906e-09,1.678466787780053e-08,1.2087479829788208,79.53016662597656,0.013688571751117706,0.3094905912876129,0.13234585523605347,30.0
7.1679415952951615,19.572,500.0,709.8,277,5540000,0.009730172,0.1104159028571882,1.0974800740837292,4.76837147544984e-09,18.36065125465393,8.722925424575806,27.083590269088745,-6.866454960174906e-09,-8.392333938900265e-09,1.124767541885376,0.7836484909057617,0.015808992087841034,0.4116280674934387,0.12199091166257858,21.0
7.555652729534008,16.794999999999998,500.0,556.875,278,5560000,0.008441429,0.13593511922154458,2.8398408904576757,3.738403009378999e-08,18.339852333068848,8.749104976654053,27.088959217071533,-7.629394338515283e-10,1.5258788677030566e-09,1.2748379707336426,0.7642198801040649,0.012306077405810356,0.5084041953086853,0.10830866545438766,22.0
8.439219137470698,35.0415,500.0,1418.375,279,5580000,0.009934908,0.14097751665646863,6.344074882367614,4.31060769301439e-08,18.410608053207397,8.730209350585938,27.140819311141968,-3.814697002724188e-09,5.493163968139925e-08,1.232580304145813,21.03482437133789,0.013164343312382698,0.44488635659217834,0.11173124611377716,24.0
11.310333029500544,54.12850000000001,500.0,2272.675,280,5600000,0.008975625,0.17127708894479426,2.869909256734666,-1.5258788677030566e-09,18.314952611923218,8.728042602539062,27.042997360229492,1.5258788677030566e-09,5.340575981449547e-09,1.3379789590835571,82.8902587890625,0.01117200218141079,0.2668677568435669,0.10502994805574417,31.0
9.707714877245913,24.568,500.0,849.225,281,5620000,0.0065476843,0.13231604196795613,1.6076749912872437,1.1444091896350983e-08,18.367528200149536,8.63213849067688,26.99966835975647,-3.051757735406113e-09,7.629394338515283e-10,1.0591720342636108,1.0222607851028442,0.017827756702899933,0.7601971626281738,0.1177462786436081,24.0
9.074287002196892,22.07,500.0,738.025,282,5640000,0.009848184,0.1525743795024931,3.38871373393733,3.051757957450718e-09,18.407938480377197,8.727249383926392,27.13518977165222,0.0,1.5258788677030566e-09,1.122057318687439,1.0275988578796387,0.015885453671216965,0.8620216250419617,0.11614242196083069,23.0
10.23863373196475,59.62149999999999,500.0,2498.05,283,5660000,0.008650704,0.11491183403191293,6.3415601822221355,-2.2125243859250077e-08,18.359787702560425,8.63863468170166,26.99842405319214,-6.103515470812226e-09,9.155272984173735e-09,1.0764492750167847,68.75875854492188,0.017260072752833366,0.42620348930358887,0.1532066911458969,28.0
7.297901431940434,52.4625,500.0,2249.875,284,5680000,0.0096054515,0.20820662572410456,4.879586802166738,2.1266936656161306e-08,18.391395568847656,8.709149599075317,27.100547313690186,4.00543198608716e-09,3.051757735406113e-09,1.2280985116958618,43.970733642578125,0.01326060201972723,0.4487100839614868,0.12522225081920624,27.0
10.306753759568625,50.536,500.0,2112.725,285,5700000,0.0066967574,0.20057354369408387,3.9165539264678957,-4.577636492086867e-09,18.361570596694946,8.742384672164917,27.103957414627075,-7.629394005448376e-09,-6.103515470812226e-09,1.2841569185256958,65.95600128173828,0.012128118425607681,0.41936737298965454,0.1041770875453949,30.0
9.000203141967155,32.277499999999996,500.0,1267.625,286,5720000,0.0076824552,0.17787850402817604,1.955192197128466,-7.629394005448376e-09,18.307787895202637,8.740590333938599,27.04838228225708,-4.577636492086867e-09,-1.525878801089675e-08,1.1511603593826294,24.683900833129883,0.015092391520738602,0.6284352540969849,0.10914881527423859,25.0
6.559468791684333,13.479,500.0,398.95,287,5740000,0.0064563076,0.20601399970140047,1.920528490034638,-1.2969969986897922e-08,18.491063356399536,8.651691198348999,27.142756462097168,5.340575981449547e-09,0.0,1.4041255712509155,0.39604994654655457,0.010144196450710297,0.24103473126888275,0.10393626987934113,17.0
8.628114400955603,25.208,500.0,877.9,288,5760000,0.0,0.23761086379693952,2.395327271245847,1.7356873271978657e-08,18.367461442947388,8.875365018844604,27.242828369140625,-1.201629640235069e-08,-3.051757735406113e-09,1.436078429222107,0.8981842398643494,0.009697800502181053,0.38690832257270813,0.09252835065126419,76.0
6.889232912632605,21.074,500.0,754.95,289,5780000,0.0070730336,0.13970044496095485,1.702576404050657,8.392333050721845e-09,18.485833644866943,8.768834829330444,27.2546706199646,0.0,1.5258788677030566e-09,1.099392294883728,0.9561406373977661,0.016547195613384247,0.7547388672828674,0.10751964896917343,23.0
6.767575876903817,32.8435,500.0,1369.65,290,5800000,0.0064626103,0.1365680298750188,2.6110648179889484,4.5108794921588924e-08,18.41709589958191,8.775425672531128,27.19252347946167,1.831054596834747e-08,5.664825408757679e-08,1.2780406475067139,14.513739585876465,0.01224447786808014,0.5064566731452942,0.10543345659971237,23.0
5.838479336989746,49.590500000000006,500.0,2202.775,291,5820000,0.008107351,0.17119870311847538,3.5686690905671212,3.051757735406113e-09,18.471741914749146,8.774163246154785,27.245906829833984,-3.051757735406113e-09,1.2207030941624453e-08,1.290716290473938,59.12616729736328,0.012005163356661797,0.3480735719203949,0.09829069674015045,28.0
5.549409721021003,54.317499999999995,500.0,2420.775,292,5840000,0.0066373535,0.17183270612434975,3.3597297955850127,1.1825560974898508e-08,18.58212447166443,8.661233186721802,27.243359804153442,1.5258788677030566e-09,1.831054596834747e-08,1.194247841835022,65.69711303710938,0.014022992923855782,0.3624771535396576,0.10278891026973724,29.0
4.43288037305315,28.5485,500.0,1226.975,293,5860000,0.009358516,0.2933504370865738,2.109013637122075,2.54631018492546e-08,18.532049894332886,8.743284225463867,27.275336027145386,-9.63211022053656e-09,-3.051757735406113e-09,1.1796743869781494,10.52944278717041,0.014371608383953571,0.3842795193195343,0.11625143885612488,23.0
6.71626765874384,18.1055,500.0,638.725,294,5880000,0.006407492,0.19976664780146758,1.9470413088798524,5.111694179049664e-08,18.264219522476196,8.642916679382324,26.907138347625732,-1.2207030941624453e-08,2.4414061883248905e-08,1.285326600074768,0.599198579788208,0.01210605539381504,0.36486104130744934,0.10873904824256897,21.0
10.113883268187234,18.8,500.0,550.125,295,5900000,0.008053828,0.2587336831079547,2.4624886140701876,-9.918212917625624e-09,18.390883207321167,8.741374969482422,27.13226008415222,3.8146971692576415e-10,-6.103515470812226e-09,1.2401485443115234,0.5343363881111145,0.013004159554839134,0.3094547688961029,0.10789664089679718,20.0
7.923510668736559,21.7545,500.0,757.4,296,5920000,0.008996674,0.21415881002974357,3.0812435967527376,3.204345588869728e-08,18.421367645263672,8.76244044303894,27.183809757232666,-1.5258788677030566e-09,6.103515470812226e-09,1.1092599630355835,0.737320601940155,0.016254106536507607,0.6376142501831055,0.1076391413807869,20.0
5.256602981479723,45.879,500.0,1996.15,297,5940000,0.008805396,0.16942947598731822,5.44867780451562,8.010864149810004e-08,18.421117305755615,8.759649515151978,27.180769205093384,0.0,6.408691177739456e-08,1.0909781455993652,35.56650924682617,0.016803419217467308,0.43644505739212036,0.13648003339767456,26.0
3.9633801754003457,54.4375,500.0,2443.75,298,5960000,0.009029891,0.16737883288626837,4.181897640607919,3.204345588869728e-08,18.42582654953003,8.778435707092285,27.204264163970947,-2.0599363992346298e-08,1.3732909920349812e-08,1.1909924745559692,59.631019592285156,0.014099758118391037,0.4394417107105255,0.11693102866411209,28.0
4.725595566525126,70.55850000000001,500.0,3207.925,299,5980000,0.008415514,0.13156468478167893,4.410080918688683,4.882812376649781e-08,18.405104637145996,8.741204500198364,27.146311044692993,-1.2207030941624453e-08,3.356933575560106e-08,1.0295524597167969,87.94021606445312,0.018868299201130867,0.3412686586380005,0.15292145311832428,30.0
6.540127102780052,59.4165,500.0,2618.95,300,6000000,0.009870642,0.2589177194579392,3.6900443034946537,-5.722053941781269e-10,18.454383373260498,8.774117469787598,27.22850251197815,-8.01086397217432e-09,-1.2207030941624453e-08,1.2243525981903076,87.04393768310547,0.013341868296265602,0.7290111780166626,0.09680695086717606,30.0
7.600099892016234,23.538,500.0,893.525,301,6020000,0.008608562,0.3628181706758062,2.3119759479146094,-4.425048771850015e-08,18.363052129745483,8.67645812034607,27.039511919021606,-1.5258788677030566e-09,-2.5939939973795845e-08,1.439004898071289,0.6291385293006897,0.009658395312726498,0.31337976455688477,0.10405610501766205,21.0
9.052761444942316,11.2095,500.0,381.55,302,6040000,0.009797419,0.48070192557231634,1.044573810905408,2.2888182016345127e-08,18.057022094726562,8.749500274658203,26.8065242767334,9.155272984173735e-09,2.7465819840699623e-08,1.294014811515808,0.45052698254585266,0.01194403599947691,0.30131569504737854,0.09468009322881699,18.0
8.098565686655324,12.461,500.0,476.825,303,6060000,0.007768379,0.2892949835937114,1.6537861345679896,-1.7929076889799944e-08,18.532351970672607,8.771903038024902,27.304256916046143,-3.814697002724188e-09,0.0,1.3497772216796875,0.577725887298584,0.010977549478411674,0.356345534324646,0.08841507881879807,20.0
4.3427340987359555,15.472000000000003,500.0,637.75,304,6080000,0.0096402345,0.2428432364159139,1.3375170213781344,-1.0681151962899094e-08,18.545195817947388,8.757869720458984,27.303067445755005,1.5258788677030566e-09,-3.051757735406113e-09,1.1808770895004272,0.6722267270088196,0.014342348091304302,0.46539971232414246,0.1037917211651802,20.0
4.631795041446556,23.858,500.0,956.125,305,6100000,0.007983776,0.2298964445663106,6.481218231939207,8.163451781229014e-08,18.366776943206787,8.769610166549683,27.136389017105103,-7.629394005448376e-09,3.9672851670502496e-08,1.1333516836166382,0.8133699893951416,0.015570420771837234,0.6394957304000854,0.11032236367464066,22.0
4.790961814045241,40.661,500.0,1733.425,306,6120000,0.007866682,0.2589991368851654,2.159810512992227,-6.8664558483533256e-09,18.563657760620117,8.774466037750244,27.338125705718994,-3.814697002724188e-09,-6.866454960174906e-09,1.0021408796310425,37.376625061035156,0.01991462893784046,0.5096479654312134,0.1306687891483307,27.0
3.2465157032253003,19.8875,500.0,795.5,307,6140000,0.008462602,0.2672757938409307,3.1206295979250767,6.103515470812226e-09,18.482200622558594,8.755508422851562,27.237711191177368,-1.5258788677030566e-09,-6.103515470812226e-09,1.31649911403656,0.4590992331504822,0.011539539322257042,0.2760278582572937,0.10939377546310425,18.0
5.057177552496752,35.865,500.0,1512.275,308,6160000,0.008132617,0.18862534653229318,3.9592169742675343,2.2888183792701966e-08,18.469828367233276,8.750738620758057,27.220568895339966,-4.577636492086867e-09,3.05175760217935e-08,1.0927374362945557,22.439170837402344,0.01674935407936573,0.61398845911026,0.10710602253675461,25.0
6.166608100340026,38.232499999999995,500.0,1637.875,309,6180000,0.0065444564,0.20539843734519878,3.44289592117261,3.433227391269611e-08,18.28898549079895,8.775025844573975,27.064013242721558,-1.5258788677030566e-09,6.103515470812226e-09,1.2039053440093994,29.914155960083008,0.013798916712403297,0.41454842686653137,0.11795099079608917,25.0
8.514080324304366,34.616499999999995,500.0,1457.725,310,6200000,0.007891455,0.22774148452908372,3.0257158895966354,7.629394005448376e-09,18.413772344589233,8.767575025558472,27.181349277496338,-7.629394005448376e-09,3.051757735406113e-09,1.223007321357727,27.63954734802246,0.013371235691010952,0.3475584387779236,0.10107225924730301,25.0
6.530831206294335,25.278999999999996,500.0,1025.975,311,6220000,0.0,0.1721044794840228,1.3167441149046466,8.77380390562621e-09,18.295894861221313,8.896478176116943,27.19237470626831,1.5258788677030566e-09,1.525878801089675e-08,1.0967292785644531,1.6338436603546143,0.01662765070796013,1.0353710651397705,0.11142215877771378,83.0
7.154633577092701,9.2855,500.0,298.85,312,6240000,0.009378177,0.21618312320606722,1.1750568859896082,-1.754760603489558e-08,18.344571590423584,8.77068543434143,27.11525869369507,-6.103515470812226e-09,-6.866454960174906e-09,1.2011240720748901,0.8365855813026428,0.013862894847989082,0.5673536658287048,0.10812679678201675,22.0
5.279478067195043,27.302,500.0,1172.775,313,6260000,0.008033011,0.20883343833599502,2.0152707677358275,5.9509275729396904e-08,18.465622901916504,8.76143503189087,27.227059602737427,1.5258788677030566e-09,4.2724607851596375e-08,1.104964256286621,6.070389747619629,0.016380731016397476,0.49728628993034363,0.12181715667247772,20.0
7.628676635062045,39.272000000000006,500.0,1633.775,314,6280000,0.008646029,0.290274556916041,5.893844111937626,-1.0681151962899094e-08,18.45248556137085,8.778640508651733,27.231127977371216,0.0,-6.103515470812226e-09,1.4424535036087036,49.733970642089844,0.009612267836928368,0.31394630670547485,0.0928606167435646,28.0
7.702818824117908,22.318,500.0,874.55,315,6300000,0.0067294585,0.14807190887250338,1.2459304950419505,2.2888182460434336e-09,18.502963542938232,8.663818836212158,27.166784524917603,-6.103515470812226e-09,1.2207030941624453e-08,0.9233390092849731,0.35572361946105957,0.02345888689160347,0.37525713443756104,0.15649476647377014,17.0
5.068397967361821,10.7625,500.0,423.625,316,6320000,0.0076498967,0.20457426240062637,1.1585084167635364,-7.629394338515283e-10,18.489274501800537,8.751715898513794,27.240992069244385,-2.2888182460434336e-09,-7.629394005448376e-09,1.001240849494934,0.5452113747596741,0.019950449466705322,0.4955492317676544,0.15302124619483948,20.0
7.381364476839986,3.6005000000000003,500.0,80.1,317,6340000,0.009909259,0.20329754799129857,0.7703391082727226,6.484984993448961e-09,18.293318271636963,8.752896547317505,27.04621648788452,4.1961669694501325e-09,0.0,1.0554351806640625,0.7530916929244995,0.017954222857952118,0.5520576238632202,0.1297760158777237,22.0
7.092437559598203,6.383000000000001,500.0,216.075,318,6360000,0.008652833,0.16170244064822697,0.733711781509363,-4.00543243017637e-09,18.487003087997437,8.669122457504272,27.156127452850342,2.2888182460434336e-09,1.907348501362094e-09,1.2013198137283325,0.6133521199226379,0.013858376070857048,0.31537294387817383,0.10909588634967804,21.0
4.221884605271836,4.9765,500.0,186.3,319,6380000,0.008523341,0.2778749159946563,0.7253790919947776,7.629394005448376e-09,18.368248462677002,8.787729024887085,27.1559796333313,2.6702879907247734e-09,1.5258788677030566e-09,1.2023590803146362,1.1530431509017944,0.013834431767463684,0.9089207053184509,0.11191295832395554,24.0
9.21621598134158,17.083499999999997,500.0,569.875,320,6400000,0.007392556,0.3019841592213151,2.4487254813977866,8.01086397217432e-09,18.340193033218384,8.742677450180054,27.082874298095703,-1.907348501362094e-09,9.918212917625624e-09,1.0928184986114502,1.2713371515274048,0.016746871173381805,1.0988357067108154,0.11290226876735687,25.0
6.979237153328057,34.713499999999996,500.0,1420.625,321,6420000,0.009849786,0.2393304719904046,4.244397935442104,6.866454782539222e-08,18.51067805290222,8.750919342041016,27.26159906387329,6.103515470812226e-09,2.3651121949797016e-08,1.236667275428772,19.94662094116211,0.013077476993203163,0.3363325297832489,0.10754731297492981,23.0
8.468872083742736,62.4095,500.0,2716.85,322,6440000,0.0079225525,0.21468630927810622,3.1880070271385703,0.0,18.434657335281372,8.802181005477905,27.236844301223755,-9.155272984173735e-09,-2.1362303925798187e-08,1.1427456140518188,81.49024963378906,0.015315480530261993,0.3593693673610687,0.11839448660612106,29.0
6.538641961320626,35.279,500.0,1500.45,323,6460000,0.008138454,0.3130717960132915,3.1604752882271057,1.2969969986897922e-08,18.38942265510559,8.780205011367798,27.16962957382202,-1.5258788677030566e-09,-3.051757735406113e-09,1.3010295629501343,31.75432014465332,0.011815585196018219,0.4271791875362396,0.11538182199001312,25.0
7.757989063259496,22.655,500.0,872.575,324,6480000,0.007974209,0.2725168903067613,1.215115192361698,-3.6239622414058204e-09,18.4032986164093,8.758368492126465,27.16166877746582,-9.53674250681047e-10,0.0,1.1260995864868164,0.683760941028595,0.015771614387631416,0.5498749017715454,0.11312847584486008,21.0
5.434112914672519,21.227,500.0,857.925,325,6500000,0.0065743336,0.2834016158702267,3.317307114487241,4.5776360479976574e-09,18.387175798416138,8.787472009658813,27.174649953842163,-1.831054596834747e-08,1.3732909920349812e-08,1.1083639860153198,0.6980310082435608,0.016280395910143852,0.6204485297203064,0.12281616777181625,22.0
3.7730231487927335,23.1165,500.0,996.475,326,6520000,0.0072215796,0.2751891449900569,1.7309405567919374,-2.2888180239988287e-09,18.578436613082886,8.761170148849487,27.339608669281006,-4.577636492086867e-09,1.5258788677030566e-09,1.199648141860962,0.6989321708679199,0.01389702782034874,0.5424042344093323,0.10894742608070374,22.0
4.6178132510816825,37.4655,500.0,1614.225,327,6540000,0.009141717,0.3034666085224243,4.474761572613079,-1.602172794434864e-08,18.39258861541748,8.764127254486084,27.156717777252197,-4.577636492086867e-09,-6.103515470812226e-09,1.2405551671981812,17.718961715698242,0.01299563329666853,0.36726629734039307,0.09997197240591049,23.0
4.715790544271479,33.83,500.0,1430.0,328,6560000,0.00676249,0.2353397150280749,1.7315233106446115,5.645751599558935e-08,18.47814917564392,8.771762609481812,27.249913454055786,-4.577636492086867e-09,5.187987994759169e-08,1.1206268072128296,21.237205505371094,0.01592603698372841,0.28917062282562256,0.12959955632686615,24.0
5.714748284430223,27.474,500.0,1140.8,329,6580000,0.008891444,0.343913014982916,1.263438283979513,2.0408629453072535e-08,18.127235651016235,8.757041692733765,26.884279012680054,0.0,1.0299681996173149e-08,1.31564199924469,7.625820159912109,0.011554580181837082,0.5708742141723633,0.1069704219698906,23.0
7.29559945816696,23.195999999999998,500.0,883.6,330,6600000,0.0067957914,0.264314212412781,2.659604457495319,-6.866454071996486e-09,18.482041358947754,8.750840187072754,27.2328839302063,0.0,-9.155272984173735e-09,1.3258965015411377,0.5726118087768555,0.01137654297053814,0.36804747581481934,0.09233604371547699,20.0
6.845822424531164,30.352999999999998,500.0,1224.875,331,6620000,0.0070105256,0.36173733760881577,2.0317296116595056,1.3732909920349812e-08,18.38309121131897,8.753620624542236,27.13671374320984,3.8146971692576415e-10,-6.866454960174906e-09,1.2469369173049927,15.468320846557617,0.012862954288721085,0.2719047963619232,0.11835354566574097,25.0
6.940424530702711,8.463,500.0,248.8,332,6640000,0.006507692,0.37822462036066756,1.1548146514755906,-1.2969969986897922e-08,18.23339819908142,8.733325242996216,26.96672487258911,0.0,-1.3732909920349812e-08,1.0644930601119995,1.0047297477722168,0.017649974673986435,0.8312457799911499,0.12497377395629883,25.0
8.046300926360356,8.65,500.0,225.625,333,6660000,0.0064781136,0.2588316248053578,1.6524914098773034,1.907348590179936e-08,18.3577721118927,8.756548404693604,27.11432194709778,0.0,7.629394005448376e-09,1.2842434644699097,0.8300217390060425,0.012126483954489231,0.6114356517791748,0.10419109463691711,24.0
5.462521362418471,12.3645,500.0,435.075,334,6680000,0.0077613816,0.2463294848420058,1.2838946565700944,-3.051757735406113e-09,18.357120275497437,8.747499942779541,27.10462212562561,-1.5258788677030566e-09,3.051757735406113e-09,1.183158278465271,0.8070751428604126,0.01428709551692009,0.48376503586769104,0.10570254176855087,22.0
6.347888891849124,29.052,500.0,1182.9,335,6700000,0.008299865,0.24239498165667436,2.1257694981280406,-8.201599399626502e-09,18.48185110092163,8.753359079360962,27.235212564468384,-1.4781951218623135e-09,-1.2207030941624453e-08,1.2221133708953857,7.527641296386719,0.013390804640948772,0.34432339668273926,0.1176280677318573,21.0
4.930497174115468,22.753500000000003,500.0,936.75,336,6720000,0.0065054083,0.24848918786189358,1.3227741109717424,-8.77380390562621e-09,18.422352075576782,8.747566938400269,27.169921159744263,0.0,-1.602172794434864e-08,1.2545108795166016,0.6565475463867188,0.012708105146884918,0.4945054054260254,0.09395520389080048,20.0
4.716325869656641,6.3865,500.0,198.55,337,6740000,0.0068210647,0.19504972386179836,0.8588084047767007,-3.433227035998243e-09,18.246152877807617,8.67764139175415,26.92379593849182,4.577636492086867e-09,-1.4495848965623281e-08,1.1207613945007324,1.0106486082077026,0.01592221111059189,0.7308990955352783,0.09494022279977798,24.0
7.2679922324559385,11.341,500.0,377.0,338,6760000,0.008145144,0.233908798137478,1.210372482743233,3.0517570692722984e-09,18.262465000152588,8.751585483551025,27.014052867889404,0.0,7.629394005448376e-09,1.1286965608596802,1.5283416509628296,0.015699118375778198,0.9462143778800964,0.10290245711803436,26.0
5.3731780386948556,19.116999999999997,500.0,762.3,339,6780000,0.0070722867,0.2976814921019943,1.73981626322315,-4.577636492086867e-09,18.484788179397583,8.744495391845703,27.22928547859192,1.5258788677030566e-09,6.103515470812226e-09,1.2230511903762817,0.6616584062576294,0.013370277360081673,0.49852070212364197,0.09902585297822952,21.0
6.255317002306761,30.025,500.0,1229.65,340,6800000,0.008872286,0.21309191205651518,3.824122324339144,8.926391359409536e-08,18.359483242034912,8.703573226928711,27.063058376312256,-4.577636492086867e-09,5.187987994759169e-08,1.0145947933197021,10.42941951751709,0.019428735598921776,0.4828886091709137,0.15435273945331573,22.0
4.911082153397464,33.025,500.0,1350.975,341,6820000,0.007515971,0.20981798638726115,1.6302008846383187,-1.754760781125242e-08,18.503988027572632,8.7503182888031,27.254307985305786,-3.814697002724188e-09,1.0681151962899094e-08,1.2109516859054565,25.700634002685547,0.013638795353472233,0.48785191774368286,0.1053866520524025,24.0
5.330019187479523,19.610500000000002,500.0,774.8,342,6840000,0.009928558,0.3190613224746505,1.7755685072036307,1.2207030941624453e-08,18.45091986656189,8.752769947052002,27.203691482543945,-9.918212917625624e-09,9.155272984173735e-09,1.2635289430618286,0.9993380308151245,0.012527350336313248,0.6016513109207153,0.09592834860086441,23.0
8.070874791799426,29.1495,500.0,1158.825,343,6860000,0.007998982,0.37682832279212913,5.346869416677269,-1.3732909920349812e-08,18.3518168926239,8.749390363693237,27.10120916366577,0.0,-4.577636492086867e-09,1.4222489595413208,7.555288314819336,0.009887313470244408,0.5271616578102112,0.07348934561014175,23.0
7.425274694568431,43.88,500.0,1859.625,344,6880000,0.008853491,0.19151928657843809,2.5696476204000462,3.814697180359872e-08,18.417624711990356,8.671425580978394,27.089054584503174,-3.814697002724188e-09,4.8446654687950286e-08,1.2220942974090576,37.28813171386719,0.013391222804784775,0.5895498991012573,0.10356901586055756,26.0
4.011147253453513,38.534499999999994,500.0,1707.35,345,6900000,0.008799711,0.22862271946516766,5.2674322296859355,9.841917858466331e-08,18.375547170639038,8.703300952911377,27.078850507736206,3.051757735406113e-09,5.187987994759169e-08,1.2198479175567627,21.567703247070312,0.013440588489174843,0.3639522194862366,0.11761888861656189,24.0
5.6856794268231186,45.379000000000005,500.0,1961.575,346,6920000,0.0073433323,0.222195349688268,1.7821500986245027,3.509521206979116e-08,18.4589581489563,8.766271591186523,27.225231409072876,-2.2888182460434336e-09,4.577636492086867e-09,1.1575157642364502,53.79511642456055,0.01492711529135704,0.42752012610435486,0.1055036410689354,28.0
3.77918560238237,27.8975,500.0,1169.125,347,6940000,0.007813143,0.18928067545364996,1.9909391584290062,-3.814697002724188e-09,18.421445846557617,8.67723798751831,27.09868574142456,2.2888182460434336e-09,-6.103515470812226e-09,1.1464451551437378,8.371931076049805,0.015216792933642864,0.4992626905441284,0.1149095743894577,24.0
5.228847177520745,14.202000000000002,500.0,481.9,348,6960000,0.00939846,0.26171084760575536,1.175504174657688,-1.2969971763254762e-08,18.48342752456665,8.737924575805664,27.221353769302368,7.629394338515283e-10,-1.5258788677030566e-09,1.1552667617797852,0.5232200026512146,0.014985288493335247,0.40754935145378113,0.11478393524885178,19.0
6.477488085045306,18.491,500.0,684.65,349,6980000,0.008907129,0.27571282262445257,1.9811200636207678,1.5640258865801115e-08,18.393311023712158,8.738909244537354,27.132221937179565,1.5258788677030566e-09,1.525878801089675e-08,1.3655866384506226,0.5837954878807068,0.01072484627366066,0.3025801479816437,0.09189123660326004,20.0
7.500164591098079,35.1285,500.0,1412.475,350,7000000,0.0065174843,0.3112771778824223,2.188519295309759,-1.983642405889441e-08,18.200137615203857,8.761096477508545,26.961236000061035,-6.103515470812226e-09,6.103515470812226e-09,1.2799757719039917,28.291357040405273,0.012207483872771263,0.38404107093811035,0.0985000729560852,26.0
6.191545666012248,20.7655,500.0,792.125,351,7020000,0.008078071,0.22420860869679482,1.657635156667916,-1.2207031829802872e-08,18.14909553527832,8.673723936080933,26.822821378707886,3.051757735406113e-09,2.2888182460434336e-09,1.092459797859192,0.5027101635932922,0.016757871955633163,0.3517124056816101,0.1001141145825386,19.0
7.586675279051602,30.045499999999997,500.0,1241.25,352,7040000,0.0067477203,0.2607548496905406,1.591520091492659,-2.2888182016345127e-08,18.174968957901,8.708794593811035,26.8837673664093,-6.103515470812226e-09,0.0,1.115756869316101,18.011919021606445,0.016065364703536034,0.8925609588623047,0.1253221482038498,25.0
8.627684807193486,37.316500000000005,500.0,1497.075,353,7060000,0.0070518767,0.28417277257343765,2.4447917627680833,1.0681151962899094e-08,18.315061569213867,8.6835355758667,26.9985990524292,0.0,2.5939939973795845e-08,1.1669386625289917,27.769542694091797,0.014687017537653446,0.5717386603355408,0.10670796781778336,25.0
6.9692345008111065,32.89149999999999,500.0,1357.95,354,7080000,0.0071393684,0.3162930301372792,2.1615840714448575,-8.392333938900265e-09,18.425211429595947,8.767425775527954,27.192639112472534,-2.2888182460434336e-09,9.155272984173735e-09,1.132563591003418,21.54469108581543,0.015592094510793686,0.9301410913467407,0.10071053355932236,25.0
8.489957907441005,17.383500000000005,500.0,579.0,355,7100000,0.008540014,0.2789107869242787,2.4322177397597367,-1.668929883180681e-08,18.18760347366333,8.717153549194336,26.9047589302063,4.577636492086867e-09,-3.051757735406113e-09,1.303473711013794,1.727410078048706,0.011771315708756447,0.9968345165252686,0.08629292249679565,27.0
11.596648247494457,44.995,500.0,1807.65,356,7120000,0.006550401,0.3429738501122423,5.877426497419928,-3.05175760217935e-08,18.25853180885315,8.775324583053589,27.03385829925537,-6.103515470812226e-09,6.103515470812226e-09,1.3024958372116089,48.119606018066406,0.011788997799158096,0.3410734236240387,0.11057977378368378,27.0
8.000117944825886,56.23299999999999,500.0,2441.65,357,7140000,0.006802986,0.2720064556997293,3.3583338906051248,4.882812021378413e-08,18.476157426834106,8.681076049804688,27.157235383987427,-6.103515470812226e-09,5.493163968139925e-08,1.2759190797805786,54.69200134277344,0.012285232543945312,0.31178805232048035,0.10257362574338913,29.0
6.21521226802744,35.07899999999999,500.0,1476.35,358,7160000,0.007544196,0.29363859304387097,3.194755085562445,2.4414061883248905e-08,18.436293125152588,8.762657642364502,27.198952674865723,-7.629394005448376e-09,6.103515470812226e-09,1.1754255294799805,25.434284210205078,0.014475695788860321,0.612064003944397,0.10459913313388824,25.0
6.691447205357548,25.615499999999997,500.0,1010.25,359,7180000,0.0,0.18366541937942718,1.801507405946209,-2.2888183792701966e-08,18.331628799438477,8.85718822479248,27.18881893157959,-1.5258788677030566e-09,0.0,1.1256818771362305,1.999663233757019,0.015783319249749184,0.6676300764083862,0.10531026124954224,75.0
6.472646095383729,28.821500000000004,500.0,1180.125,360,7200000,0.0068443646,0.27074509206566083,2.468643136464866,-2.784728891924715e-08,18.519741773605347,8.679698944091797,27.199442625045776,-7.629394338515283e-10,0.0,0.9505161643028259,7.440865993499756,0.022136593237519264,0.8032844066619873,0.08965102583169937,22.0
8.116279863812057,44.8815,500.0,1908.775,361,7220000,0.0074186935,0.2454700017288612,5.579854501280815,7.743835084284001e-08,18.430172204971313,8.681074380874634,27.11124849319458,-5.7220459481754915e-09,7.629394005448376e-09,1.2030235528945923,30.576570510864258,0.013819152489304543,0.3984810709953308,0.10788710415363312,26.0
7.238052749950872,43.501,500.0,1854.425,362,7240000,0.006757886,0.20567954552069212,3.8906068880087252,-5.798339230977945e-08,18.422330141067505,8.769697666168213,27.19202947616577,-4.00543198608716e-09,-6.103515470812226e-09,1.1568433046340942,42.09757995605469,0.014944473281502724,0.5396568179130554,0.09278953820466995,28.0
5.040447713956375,32.8955,500.0,1362.9,363,7260000,0.006751032,0.25113017680064126,3.823999790932722,0.0,18.40845799446106,8.767210245132446,27.17567014694214,7.629394338515283e-10,-9.155272984173735e-09,1.0676919221878052,13.542116165161133,0.017544370144605637,0.6688987612724304,0.09574778378009796,24.0
7.367370289323057,33.2275,500.0,1299.375,364,7280000,0.009309143,0.2860679075240519,4.044666604403478,2.0599365768703137e-08,18.446425437927246,8.758328437805176,27.204755783081055,3.051757735406113e-09,1.5258788677030566e-09,1.2643687725067139,20.231094360351562,0.012510713189840317,0.5665583610534668,0.08987963199615479,24.0
9.156428500669643,37.927,500.0,1545.225,365,7300000,0.009897333,0.27572970457944523,2.85294924754246,2.3651121949797016e-08,18.45430088043213,8.775009870529175,27.229312658309937,-4.577636492086867e-09,7.629394338515283e-10,1.279218077659607,46.16233444213867,0.012221947312355042,0.6791871786117554,0.08317359536886215,28.0
5.71876011913111,23.387999999999998,500.0,921.9,366,7320000,0.00773226,0.1840332090664821,1.9954361511263878,2.1743773004345712e-08,18.436583757400513,8.75782322883606,27.194409370422363,-7.629394338515283e-10,0.0,1.1325746774673462,1.4318102598190308,0.015591790899634361,0.6470432877540588,0.08270928263664246,27.0
6.196906261733325,27.861,500.0,1139.3,367,7340000,0.009291432,0.19296851058247363,2.8167108670541436,4.577636492086867e-09,18.360905408859253,8.696590900421143,27.05749797821045,-1.5258788677030566e-09,-1.0681151962899094e-08,1.2153794765472412,7.024288177490234,0.013539601117372513,0.494638592004776,0.1005348265171051,22.0
5.077851017627301,26.8505,500.0,1132.525,368,7360000,0.00829723,0.17760298080077977,1.9766342250404845,-1.525878978725359e-09,18.459803581237793,8.749244928359985,27.20905041694641,1.5258788677030566e-09,3.051757735406113e-09,1.2224578857421875,9.386308670043945,0.013383259065449238,0.35464906692504883,0.10465434938669205,24.0
5.483820018768014,25.1415,500.0,1020.4,369,7380000,0.0,0.2512291116509468,2.7008208178410866,1.1444091896350983e-08,18.51020574569702,8.75779128074646,27.267998695373535,-6.103515470812226e-09,3.051757735406113e-09,1.2478587627410889,0.6014803647994995,0.01284395344555378,0.3650907278060913,0.10884258151054382,73.0
7.445164839943007,34.544,500.0,1407.0,370,7400000,0.009926835,0.26626758397954287,2.2075611354059475,4.196166081271713e-09,18.305384159088135,8.750346422195435,27.055734157562256,2.8610229740877458e-09,6.103515470812226e-09,1.273983120918274,30.435955047607422,0.012322597205638885,0.47342774271965027,0.0882796123623848,26.0
8.63596125839463,26.528,500.0,965.9,371,7420000,0.008858612,0.26661428545311,1.3764900377981222,-3.414153937342235e-08,18.483081340789795,8.687477827072144,27.170560836791992,3.051757735406113e-09,-1.6212462483622403e-08,1.3250843286514282,4.809236526489258,0.01139049418270588,0.5482304692268372,0.07548713684082031,22.0
7.440921410746024,19.821,500.0,678.125,372,7440000,0.009394595,0.44636504880277217,2.9996371045993393,-1.8119813205430546e-08,18.449202060699463,8.753829002380371,27.20303440093994,3.051757735406113e-09,0.0,1.3957117795944214,0.6914821863174438,0.010266870260238647,0.36428511142730713,0.0757516548037529,21.0
9.475878474022476,25.3485,500.0,909.4,373,7460000,0.009583682,0.4581057604710767,1.9364489403499918,3.4713742991243635e-08,18.30597734451294,8.741067171096802,27.047046422958374,-7.629394338515283e-10,-7.629394338515283e-10,1.2142972946166992,1.2679129838943481,0.013563745655119419,0.6527584195137024,0.09804097563028336,23.0
8.531961461607205,27.975,500.0,1042.075,374,7480000,0.0066356794,0.34211465614806313,1.5607000498255348,-2.1839142050339433e-08,18.304498434066772,8.76827621459961,27.072776317596436,-2.0980834847250662e-09,-5.340575981449547e-09,1.3603824377059937,12.166289329528809,0.010807059705257416,0.6811883449554443,0.07716117799282074,25.0
5.0511668772263265,17.523999999999997,500.0,659.95,375,7500000,0.00889465,0.3061647232265989,0.9163657306485875,-1.907348590179936e-08,18.463042736053467,8.668809652328491,27.131855010986328,-2.2888182460434336e-09,-6.103515470812226e-09,1.0895068645477295,0.8667194247245789,0.016848832368850708,0.5783333778381348,0.1167474314570427,24.0
2.0204132333164906,15.0995,500.0,621.6,376,7520000,0.007719039,0.22064861770553193,1.3985748486913694,8.392333938900265e-09,18.373215675354004,8.749415397644043,27.12263298034668,1.5258788677030566e-09,-2.2888182460434336e-09,1.1929869651794434,0.7325848937034607,0.014052649959921837,0.5311247706413269,0.08711632341146469,22.0
5.474047765851983,48.5385,500.0,2154.2,377,7540000,0.009556264,0.33556808489523116,6.342878936923993,1.602172794434864e-08,18.31819772720337,8.765522480010986,27.08372211456299,7.629394338515283e-10,-1.2207030941624453e-08,1.3248841762542725,34.75770950317383,0.011393935419619083,0.4391576051712036,0.08105942606925964,27.0
9.1796518841013,52.5955,500.0,2256.175,378,7560000,0.0069164154,0.24589208849011712,5.174303561145333,3.204345588869728e-08,18.48043966293335,8.711469650268555,27.191910982131958,3.814697002724188e-09,-6.103515470812226e-09,1.2803417444229126,56.9666633605957,0.01220050547271967,0.3650832772254944,0.09895142912864685,29.0
7.961987593818202,34.275,500.0,1399.425,379,7580000,0.008507915,0.36278716326709004,4.137794611332523,-3.662109193669494e-08,18.470897436141968,8.756639003753662,27.227538585662842,3.051757735406113e-09,6.103515470812226e-09,1.216098666191101,21.47929573059082,0.013523590750992298,0.32110702991485596,0.0980665385723114,26.0
6.694150061725104,25.154000000000003,500.0,971.95,380,7600000,0.009579754,0.3077347274513761,1.7444101863985608,0.0,18.526561498641968,8.735758304595947,27.26232361793518,-3.8146971692576415e-10,4.577636492086867e-09,1.1731024980545044,0.6766889691352844,0.014533082954585552,0.40044915676116943,0.09474862366914749,21.0
5.5867458939680725,15.014499999999998,500.0,519.875,381,7620000,0.0075734328,0.3182331230657495,1.3266717790038722,1.5640257089444276e-08,18.23146891593933,8.750502347946167,26.981972694396973,-5.1498409980865745e-09,-1.5258788677030566e-09,1.3656210899353027,0.6388738751411438,0.010724305175244808,0.3569965362548828,0.08809418231248856,21.0
6.440251790663908,11.625,500.0,317.375,382,7640000,0.0071207113,0.3043633909836696,1.2221999500587488,7.629394338515283e-10,18.447022914886475,8.748089075088501,27.195114135742188,1.5258788677030566e-09,8.392333938900265e-09,1.3296594619750977,0.5066794157028198,0.011312243528664112,0.3202499449253082,0.09215781092643738,18.0
7.848363319696614,25.264999999999997,500.0,944.0,383,7660000,0.0,0.36522207399889545,1.6938969413565983,-2.7465821617056463e-08,18.37780451774597,8.871904611587524,27.24971079826355,0.0,-3.814697002724188e-09,1.3538202047348022,1.1516146659851074,0.010912081226706505,0.39352723956108093,0.09725138545036316,82.0
8.38801431712379,28.8145,500.0,1108.85,384,7680000,0.0089358445,0.2899498363114466,1.9344404328021274,1.678466787780053e-08,18.30231475830078,8.750657796859741,27.052974224090576,-4.577636492086867e-09,-1.5258788677030566e-09,1.2492420673370361,10.149837493896484,0.012815527617931366,0.4787103533744812,0.08489906787872314,23.0
9.287049581467258,25.6185,500.0,922.425,385,7700000,0.0,0.3251596811565624,3.6318079281764426,1.907348590179936e-08,18.486626386642456,8.846359729766846,27.332987785339355,-4.577636492086867e-09,-3.051757735406113e-09,1.0739531517028809,1.3949182033538818,0.0173404011875391,0.5670960545539856,0.10242622345685959,73.0
8.383970349590784,32.947500000000005,500.0,1278.675,386,7720000,0.006417313,0.3257469935496901,2.662804987665954,-4.2724607851596375e-08,18.37693452835083,8.7618408203125,27.138777256011963,-3.051757735406113e-09,1.5258788677030566e-09,1.2885463237762451,27.227346420288086,0.012045631185173988,0.5830727219581604,0.09182300418615341,26.0
5.5127208321986885,19.902,500.0,757.05,387,7740000,0.009333962,0.2559012336241212,1.3038497829513185,8.392333938900265e-09,18.291064739227295,8.75780200958252,27.048868656158447,-3.051757735406113e-09,4.577636492086867e-09,1.2133771181106567,0.8550927042961121,0.013584326021373272,0.5812212824821472,0.10907241702079773,22.0
4.515890744867724,19.9735,500.0,797.625,388,7760000,0.007702657,0.19879031574270528,2.107622027055473,-2.2125243859250077e-08,18.568206071853638,8.752812147140503,27.321020126342773,-5.340575981449547e-09,-1.831054596834747e-08,1.2116039991378784,0.8068994283676147,0.013624113984405994,0.6142112612724304,0.09895358234643936,22.0
3.316721939222898,11.087,500.0,412.025,389,7780000,0.009036187,0.2163270085195827,0.8359975016800462,3.5476684701052363e-08,18.369261264801025,8.767014026641846,27.136276960372925,-1.1444091230217168e-09,3.051757735406113e-09,1.2475107908248901,1.0359629392623901,0.01285112090408802,0.8290501832962036,0.0788046270608902,24.0
3.831110342838546,7.657000000000001,500.0,262.45,390,7800000,0.008112875,0.22081412336533995,0.8398752793764612,-4.577636492086867e-09,18.273855209350586,8.750777244567871,27.02463412284851,-4.577636492086867e-09,-3.814697002724188e-09,1.1723976135253906,0.5859473943710327,0.01455056481063366,0.4271434247493744,0.10669070482254028,20.0
4.731139174578195,3.603,500.0,85.0,391,7820000,0.00808663,0.23421008312113725,0.8783028065778647,-5.340575981449547e-09,18.15085530281067,8.752497673034668,26.90335512161255,7.629394005448376e-09,-1.602172794434864e-08,1.0454719066619873,0.6464763879776001,0.018298059701919556,0.5253106355667114,0.12244051694869995,21.0
5.767538387492445,15.549000000000001,500.0,590.25,392,7840000,0.00888224,0.19882846963206294,0.9396666508571357,8.392333938900265e-09,18.432976245880127,8.714901447296143,27.147879600524902,-6.103515470812226e-09,6.103515470812226e-09,1.1482527256011963,0.6715950965881348,0.01516892109066248,0.4612155258655548,0.09613410383462906,21.0
3.4370407073981255,5.5705,500.0,191.925,393,7860000,0.0065153595,0.21845482456124132,0.667074681600188,2.2125243859250077e-08,18.385483980178833,8.752600908279419,27.138086557388306,0.0,-9.155272984173735e-09,1.2731788158416748,0.567631721496582,0.012338172644376755,0.3674910366535187,0.10078394412994385,21.0
8.014718078195793,9.882499999999999,500.0,263.775,394,7880000,0.008020521,0.30775094226856897,0.8428264333564005,-3.8146952263673484e-10,18.428054332733154,8.710448503494263,27.13850474357605,-1.1444091230217168e-09,5.340575981449547e-09,1.2151371240615845,0.6352958679199219,0.013545000925660133,0.4340473413467407,0.10821928083896637,21.0
6.220904930027752,9.548499999999999,500.0,284.375,395,7900000,0.008334378,0.2620031597270707,0.5615458841346631,-2.0980834847250662e-08,18.25689673423767,8.761698007583618,27.018596649169922,3.8146971692576415e-10,-1.907348501362094e-09,1.2072066068649292,1.0270309448242188,0.013723548501729965,0.8324167728424072,0.09025134146213531,24.0
3.506425903097546,8.374500000000001,500.0,318.225,396,7920000,0.008164831,0.28497997939017167,1.5521543377903617,1.602172794434864e-08,18.510931730270386,8.66697645187378,27.177910089492798,4.577636492086867e-09,6.103515470812226e-09,1.238917589187622,0.7987339496612549,0.013030012138187885,0.41286149621009827,0.08387762308120728,23.0
5.717675620317506,22.671,500.0,897.925,397,7940000,0.0075049438,0.2851957511916092,3.2041247336348153,2.3651121949797016e-08,18.390693187713623,8.745517015457153,27.13621211051941,-1.5258788677030566e-09,3.05175760217935e-08,1.2850855588912964,0.8515039682388306,0.01211059745401144,0.6354389786720276,0.08671402931213379,23.0
7.379530337403395,20.798,500.0,757.925,398,7960000,0.0070872083,0.35165268719955617,1.073181411832761,9.155272984173735e-09,18.180638551712036,8.754197359085083,26.93483829498291,-3.051757735406113e-09,7.629394338515283e-10,1.0983216762542725,0.558799684047699,0.01657947152853012,0.44093823432922363,0.1199127733707428,20.0
6.888059938732363,10.004000000000001,500.0,278.1,399,7980000,0.008396361,0.2552931139447317,0.7230818269738726,-1.8119811429073707e-08,18.45047879219055,8.756361246109009,27.206841945648193,-4.1961669694501325e-09,-3.051757735406113e-09,0.9792987704277039,0.9239717721939087,0.02085448056459427,0.8247127532958984,0.12154287099838257,23.0
6.574700254693918,15.444999999999999,500.0,545.9,400,8000000,0.008840229,0.2672528787260982,1.2633341240655085,-1.5640257089444276e-08,18.35716485977173,8.691287517547607,27.04845404624939,-5.722045615108584e-10,7.629394005448376e-09,1.1219629049301147,0.6659950613975525,0.01588812656700611,0.5658003687858582,0.09630108624696732,20.0
6.400495443836863,21.482499999999998,500.0,804.5,401,8020000,0.009330898,0.33147719117581464,4.263018613636114,7.629394005448376e-09,18.26629066467285,8.75504207611084,27.021334409713745,-6.103515470812226e-09,1.525878801089675e-08,1.2033591270446777,0.6409757137298584,0.0138114457949996,0.36395499110221863,0.0982489287853241,21.0
7.755638528002541,29.886000000000003,500.0,1174.525,402,8040000,0.009172975,0.42314530621003954,1.5358903581549408,-5.340575981449547e-09,18.46276617050171,8.666696071624756,27.12946605682373,-4.959106458812812e-09,-5.340575981449547e-09,1.245543122291565,18.296798706054688,0.012891756370663643,0.4169492721557617,0.0799630731344223,25.0
7.938330966016105,23.137999999999998,500.0,863.475,403,8060000,0.007778598,0.24710527297797477,2.9004904119452095,1.0681151962899094e-08,18.20635461807251,8.752445936203003,26.958802461624146,3.051757735406113e-09,-6.103515470812226e-09,1.0884983539581299,0.5023306608200073,0.01688006892800331,0.3749356269836426,0.11715860664844513,19.0
6.846157708585984,21.063499999999998,500.0,795.675,404,8080000,0.0075486647,0.26872380819337766,2.5199983080860915,7.247924482811641e-09,18.376308917999268,8.756106853485107,27.132417678833008,-4.1961669694501325e-09,3.051757735406113e-09,1.3318980932235718,0.6098535060882568,0.011274248361587524,0.42562437057495117,0.08222664147615433,20.0
5.3170618124537,17.8945,500.0,692.975,405,8100000,0.008265622,0.2374923673642289,2.013599460937415,7.247923150544011e-09,18.44269299507141,8.753654956817627,27.19634985923767,2.8610229740877458e-09,5.340575981449547e-09,1.3032032251358032,0.860059380531311,0.011776204220950603,0.44127485156059265,0.08461583405733109,23.0
5.728031945104747,16.199,500.0,589.95,406,8120000,0.00975846,0.31645712712008484,2.59891217760979,-2.5272369086337676e-08,18.211734294891357,8.732025384902954,26.943761587142944,1.4305114870438729e-09,-9.155272984173735e-09,1.294960856437683,0.6633657813072205,0.011926592327654362,0.3801267147064209,0.08663462102413177,22.0
7.4296635294586135,24.286,500.0,914.925,407,8140000,0.008970025,0.27486942091565225,1.344109489507736,3.662109193669494e-08,18.435652017593384,8.760825157165527,27.196478843688965,-3.433227480087453e-09,6.103515470812226e-09,1.0436724424362183,0.5345072746276855,0.01836121268570423,0.4474903643131256,0.12984615564346313,19.0
5.86784215481795,14.272,500.0,526.6,408,8160000,0.009457614,0.22510399951059726,0.7247252418926567,-7.629399334518894e-10,18.318036794662476,8.658865928649902,26.97690463066101,1.5258788677030566e-09,-9.53674295089968e-09,1.107291579246521,0.626701295375824,0.016311943531036377,0.3324112594127655,0.11439988762140274,21.0
7.394418657055186,10.576500000000001,500.0,321.125,409,8180000,0.009420883,0.3295376762510485,0.7661867442784036,2.2602080207434483e-08,18.085806608200073,8.762738227844238,26.848546981811523,-1.4305114870438729e-09,1.1444091896350983e-08,1.1653711795806885,0.9029057025909424,0.014726555906236172,0.5451277494430542,0.09439319372177124,23.0
8.531899272614874,9.785,500.0,281.9,410,8200000,0.0064629256,0.43212553978820517,0.7115931188035163,3.0517575133615082e-09,18.360353469848633,8.746728658676147,27.107083559036255,-3.051757735406113e-09,-1.5258788677030566e-09,1.33054780960083,0.5725173950195312,0.011297143064439297,0.38512155413627625,0.09332700818777084,21.0
7.447049457546799,10.116,500.0,300.75,411,8220000,0.0065839565,0.2982544303011552,0.8947465902490981,-1.4877318932349226e-08,18.31856417655945,8.666293144226074,26.984859466552734,-2.6702879907247734e-09,-1.5258788677030566e-09,1.0487099885940552,0.5881789326667786,0.018185235559940338,0.41000086069107056,0.12609516084194183,21.0
7.398870172251459,15.117999999999999,500.0,513.975,412,8240000,0.007041664,0.2710964014931659,0.6438182481534921,-1.1444090119994144e-09,18.162694215774536,8.760576963424683,26.923272848129272,0.0,1.1444091230217168e-09,1.0645912885665894,0.9561190605163574,0.01764671877026558,0.5569522380828857,0.10176283866167068,24.0
9.098641134856754,23.503,500.0,870.025,413,8260000,0.0065071997,0.3450135000050068,1.8558288363514432,4.1961669694501325e-08,18.356863021850586,8.759746551513672,27.11661148071289,2.2888182460434336e-09,3.204345588869728e-08,1.1594438552856445,0.8609606027603149,0.014877509325742722,0.6892595887184143,0.09915688633918762,23.0
6.841604248051739,23.694499999999998,500.0,870.75,414,8280000,0.008083011,0.32788661840330263,2.586618463818435,1.0681151962899094e-08,18.275436401367188,8.75401258468628,27.02945065498352,-6.103515470812226e-09,7.629394005448376e-09,1.2743664979934692,0.5578629970550537,0.012315185740590096,0.3579394519329071,0.0973314419388771,21.0
4.996494666047992,13.670999999999998,500.0,492.4,415,8300000,0.009424171,0.32093361711521057,0.7392621795083307,3.2424924967244806e-09,18.40368151664734,8.772288799285889,27.175974130630493,1.7166137400437265e-09,0.0,1.0183709859848022,0.664411723613739,0.019284915179014206,0.5888996124267578,0.09483818709850311,21.0
3.9665701050290743,8.9705,500.0,290.125,416,8320000,0.0067561963,0.2877955612957857,1.8393699663839522,-3.356933575560106e-08,18.51051139831543,8.777146100997925,27.287659406661987,3.814697002724188e-09,7.629394005448376e-09,1.214802861213684,0.9375460147857666,0.013552457094192505,0.4695412516593933,0.09034547209739685,25.0
5.748764241342013,18.886,500.0,714.75,417,8340000,0.0073952717,0.30325318143768293,3.1650507240918033,-4.730224389959403e-08,18.392268896102905,8.760245561599731,27.15251636505127,6.103515470812226e-09,-3.051757735406113e-09,1.3996297121047974,0.7464340925216675,0.010209470987319946,0.4686277210712433,0.0769793912768364,22.0
8.18014469595926,35.4335,500.0,1473.9,418,8360000,0.0066196686,0.30492300116901944,5.562627371595164,-4.9972531002140386e-08,18.33545470237732,8.752951860427856,27.08840847015381,2.6702879907247734e-09,4.577636492086867e-09,1.2759079933166504,20.082609176635742,0.012285446748137474,0.47002115845680237,0.09491018950939178,24.0
8.210022279752474,36.159000000000006,500.0,1490.275,419,8380000,0.009250687,0.2744794432951766,4.513612512684172,3.0517575133615082e-09,18.4193115234375,8.762028694152832,27.181342124938965,-3.051757735406113e-09,1.525878801089675e-08,1.2020995616912842,28.848400115966797,0.013840403407812119,0.3604159355163574,0.09294837713241577,25.0
9.228404327135054,39.9135,500.0,1659.6,420,8400000,0.008275133,0.44391658692887637,5.07730533511016,-6.103515470812226e-09,18.506921768188477,8.770200490951538,27.27712392807007,-7.629394338515283e-10,9.155272984173735e-09,1.160221815109253,54.84071350097656,0.014857565052807331,0.4848303198814392,0.10103730857372284,29.0
10.119533795235602,42.41949999999999,500.0,1748.725,421,8420000,0.009709553,0.2906706510716753,5.5501558251441665,-1.831054596834747e-08,18.387616872787476,8.770461320877075,27.158080101013184,1.7166137400437265e-09,4.577636492086867e-09,1.2431972026824951,59.956520080566406,0.012940456159412861,0.3713299334049225,0.09982617199420929,28.0
9.06611511743433,34.1025,500.0,1386.9,422,8440000,0.0068787346,0.4477939114733866,4.036105801003754,-9.155272984173735e-09,18.41460156440735,8.755753993988037,27.170360565185547,2.2888182460434336e-09,0.0,1.2189682722091675,17.17243003845215,0.013459994457662106,0.43052399158477783,0.08922486752271652,24.0
8.916289088529973,40.543,500.0,1648.275,423,8460000,0.0078141885,0.42992030770820416,5.044082730135341,-2.002715859816817e-08,18.26988410949707,8.770569801330566,27.04045557975769,4.577636492086867e-09,-3.051757735406113e-09,1.2022008895874023,53.690826416015625,0.013838071376085281,0.3807152211666107,0.10930021107196808,28.0
7.104944557692316,26.2965,500.0,1014.8,424,8480000,0.0070298286,0.3336012179257384,3.58117271209978,2.2888183792701966e-08,18.322637796401978,8.74553632736206,27.06817626953125,0.0,1.2207030941624453e-08,1.1925303936004639,2.7995758056640625,0.014063414186239243,0.5153398513793945,0.10087518393993378,22.0
9.476595381478987,34.508,500.0,1329.9,425,8500000,0.008453877,0.4054824578819002,2.4356453607416455,-1.1825560974898508e-08,18.368003606796265,8.755011796951294,27.123019456863403,1.5258788677030566e-09,-1.5258788677030566e-09,1.30653977394104,29.35158920288086,0.01171613298356533,0.49338439106941223,0.08742263913154602,26.0
8.674880382103535,29.774,500.0,1152.05,426,8520000,0.009502589,0.31743575366344423,1.5324933298833812,-2.3651121949797016e-08,18.292871236801147,8.65760850906372,26.950481414794922,-2.6702879907247734e-09,-3.051757735406113e-09,1.274625301361084,18.0127010345459,0.01231018453836441,0.48711588978767395,0.08420485258102417,24.0
5.338614611160111,9.888,500.0,317.65,427,8540000,0.0092490995,0.22168045192007807,0.6146783223957013,-1.2588500908350397e-08,18.401061534881592,8.756181001663208,27.157244205474854,-3.814697002724188e-09,-8.01086397217432e-09,0.9940837621688843,0.7505937814712524,0.020238757133483887,0.5020016431808472,0.11621895432472229,22.0
5.2803131913315156,5.0095,500.0,109.675,428,8560000,0.006444893,0.49349375602546014,0.6855131926050612,-1.6403198799253005e-08,18.195058822631836,8.748642921447754,26.943703413009644,-5.340575981449547e-09,-1.2969969986897922e-08,1.1655526161193848,0.7985211610794067,0.014721970073878765,0.5600753426551819,0.11372165381908417,23.0
7.509787084213384,13.901999999999997,500.0,480.8,429,8580000,0.009149005,0.3913222509703249,1.5317645253649184,1.4114378998897337e-08,18.252726793289185,8.763068914413452,27.01579785346985,-4.577636492086867e-09,6.103515470812226e-09,1.0573443174362183,0.7196094393730164,0.017889447510242462,0.49327564239501953,0.13691724836826324,22.0
7.1580799756314715,21.029000000000003,500.0,839.6,430,8600000,0.0070849857,0.38706304250629087,0.7364929048498725,-4.1961669694501325e-09,18.388030290603638,8.752629518508911,27.14066171646118,-7.629394005448376e-09,-2.2888182460434336e-09,1.1747757196426392,0.661529004573822,0.014491714537143707,0.4844896197319031,0.09287263453006744,21.0
7.422745079842161,9.898,500.0,273.5,431,8620000,0.008519651,0.38484362927591725,1.2252097153359918,-2.1362305702155027e-08,18.149936199188232,8.775990009307861,26.925928115844727,1.5258788677030566e-09,4.577636492086867e-09,1.1505908966064453,1.3522659540176392,0.015107333660125732,1.1416423320770264,0.10098598897457123,26.0
7.667752696867643,9.519,500.0,277.425,432,8640000,0.00831718,0.3634762009095614,0.8071240111141448,5.340575981449547e-09,18.414071321487427,8.75670337677002,27.170778274536133,-9.155272984173735e-09,7.629394338515283e-10,1.078768014907837,0.7708871364593506,0.017185954377055168,0.4750062823295593,0.12060804665088654,22.0
5.655785056791814,9.095,500.0,282.0,433,8660000,0.008394876,0.4201448406952961,0.8949278082057929,1.6403197022896165e-08,18.379994869232178,8.759319067001343,27.139316082000732,-4.1961669694501325e-09,3.051757735406113e-09,1.0818103551864624,1.1914377212524414,0.017089426517486572,0.9083751440048218,0.09427423775196075,25.0
5.842756189398386,16.48,500.0,592.525,434,8680000,0.007667831,0.3049792432860964,0.8879515224581311,2.3651121949797016e-08,18.347957849502563,8.76405668258667,27.112016201019287,1.5258788677030566e-09,2.0980834847250662e-09,1.179428219795227,0.9686833620071411,0.014377608895301819,0.6522195339202881,0.09343277662992477,24.0
5.7824692273738645,30.2705,500.0,1263.525,435,8700000,0.006823078,0.3700295781420105,1.707645791275486,-2.4414061883248905e-08,18.506706953048706,8.668835878372192,27.17554497718811,-8.01086397217432e-09,-3.051757735406113e-09,1.2144149541854858,12.000605583190918,0.013561117462813854,0.39925241470336914,0.09727336466312408,23.0
5.696115953896695,36.779,500.0,1570.825,436,8720000,0.0066630384,0.37798677689520416,3.2931964893249948,7.057189943537878e-09,18.339354276657104,8.760257005691528,27.099613189697266,-7.438659466174613e-09,1.0681151962899094e-08,1.2583972215652466,32.86857986450195,0.012629731558263302,0.4123852849006653,0.08332682400941849,26.0
5.18678559274547,20.2765,500.0,765.075,437,8740000,0.008480213,0.3160738867725347,0.7562459891009483,-1.907348723406699e-09,18.433744430541992,8.751320123672485,27.18506622314453,-1.5258788677030566e-09,-1.5258788677030566e-09,1.2984068393707275,0.7659958600997925,0.01186336949467659,0.48461994528770447,0.08245304971933365,23.0
4.2751708473827765,7.464500000000001,500.0,206.175,438,8760000,0.008352389,0.4056261584257624,0.9177817014372273,-1.754760603489558e-08,18.39027237892151,8.746597290039062,27.136871576309204,0.0,0.0,1.3767138719558716,1.0185916423797607,0.010552179999649525,0.6544023752212524,0.0846448615193367,24.0
5.637488350172921,18.331,500.0,677.95,439,8780000,0.006572923,0.4456942332967831,2.8048476666401907,1.192092824453539e-08,18.359185934066772,8.753952741622925,27.11314082145691,-2.8610229740877458e-09,1.525878801089675e-08,1.026174783706665,0.827367901802063,0.018992718309164047,0.6093324422836304,0.11076651513576508,23.0
6.361630948450238,42.801,500.0,1809.45,440,8800000,0.007428372,0.4118553367437451,3.477212902087315,-1.1062621929625038e-08,18.383270978927612,8.680375814437866,27.06364870071411,7.629394005448376e-09,-1.602172794434864e-08,1.0995649099349976,35.364585876464844,0.016541998833417892,0.4868478775024414,0.10328808426856995,26.0
6.2660583227075195,49.9955,500.0,2173.3,441,8820000,0.008392522,0.4424543235664535,2.8143813695117927,-5.111694179049664e-08,18.510743379592896,8.782690286636353,27.29343581199646,2.2888182460434336e-09,-1.525878801089675e-08,1.3636800050735474,62.287506103515625,0.010754857212305069,0.39482808113098145,0.08102241903543472,29.0
4.263450085046135,30.784,500.0,1330.05,442,8840000,0.009983821,0.3847382327506117,1.4291387105064028,-3.0899048653054706e-08,18.28565526008606,8.663271188735962,26.948928356170654,-3.051757735406113e-09,-9.155272984173735e-09,1.1410393714904785,21.95362091064453,0.015361317433416843,0.3981453776359558,0.10711701214313507,24.0
5.017922400200372,21.8815,500.0,871.825,443,8860000,0.0089466935,0.5004651221927184,1.7038403885759366,6.484985881627381e-09,18.422533988952637,8.767096281051636,27.189632177352905,-1.7166137400437265e-09,-3.051757735406113e-09,1.0173121690750122,0.9253721833229065,0.019325079396367073,0.6513938903808594,0.09472692757844925,24.0
5.298404986880136,28.996000000000002,500.0,1223.35,444,8880000,0.0066429134,0.3371172576573244,1.5290023537957744,2.641677632198025e-08,18.49908685684204,8.753414630889893,27.252502918243408,-1.0108947456899386e-08,6.103515470812226e-09,1.3195977210998535,7.988614559173584,0.011485408991575241,0.5516517758369446,0.06970968842506409,23.0
4.276390761950333,30.235499999999995,500.0,1322.1,445,8900000,0.0077472515,0.4039907287735089,1.5433473147024774,-1.1444091896350983e-08,18.397181749343872,8.764055490493774,27.16123914718628,-3.814697002724188e-09,-9.155272984173735e-09,0.9358019828796387,17.780946731567383,0.022838201373815536,0.8815750479698181,0.11227640509605408,25.0
2.759228412334467,9.971499999999999,500.0,379.825,446,8920000,0.008151709,0.33551041243277535,0.9006169467215326,-6.866454960174906e-09,18.550801515579224,8.766542434692383,27.317356824874878,-1.0681151962899094e-08,-2.2888182460434336e-09,1.1280032396316528,0.9040345549583435,0.015718424692749977,0.7570058107376099,0.09679665416479111,24.0
3.0961128092161005,8.777999999999999,500.0,343.125,447,8940000,0.008313813,0.30933091123202805,0.9457634646042138,1.907348590179936e-08,18.471036911010742,8.76088833808899,27.231927394866943,0.0,3.051757735406113e-09,1.0273088216781616,0.6653162240982056,0.018950805068016052,0.5737605690956116,0.10945034772157669,21.0
4.306059054907758,15.722500000000002,500.0,624.65,448,8960000,0.008688742,0.37746944863135645,2.6116631110762336,-8.62121538602878e-08,18.327895402908325,8.771280527114868,27.099177598953247,0.0,-1.525878801089675e-08,1.031872034072876,0.7536628246307373,0.0187835693359375,0.44339776039123535,0.1211179718375206,22.0
5.7308082788013,25.881999999999998,500.0,1055.975,449,8980000,0.009193992,0.3119484136675953,1.154800955239375,-2.2888183792701966e-08,18.354456424713135,8.760891914367676,27.115350008010864,-4.577636492086867e-09,-9.918212917625624e-09,1.1366525888442993,2.2587192058563232,0.01548011414706707,0.6406514048576355,0.10081932693719864,22.0
5.007210637466896,21.019000000000002,500.0,859.075,450,9000000,0.009054527,0.34760448630353447,2.3847915497555094,-5.7983395862493126e-08,18.447316646575928,8.746188163757324,27.193506479263306,-3.051757735406113e-09,-6.103515470812226e-09,1.1627814769744873,0.43488824367523193,0.014792224392294884,0.30045273900032043,0.10620616376399994,17.0
5.966723603441606,18.8375,500.0,689.375,451,9020000,0.006872536,0.37087023148586035,1.9789147427507268,-1.5258785346361492e-09,18.3255672454834,8.755354881286621,27.08092427253723,2.2888182460434336e-09,-4.577636492086867e-09,1.0992234945297241,0.7455527186393738,0.01655227690935135,0.6107836961746216,0.08848907053470612,23.0
4.358140245713772,16.453,500.0,628.9,452,9040000,0.007488696,0.2390730649565056,1.4662398296556656,-5.340575981449547e-09,18.735663414001465,8.754391193389893,27.49005651473999,-1.0490417423625331e-09,-4.577636492086867e-09,1.1410131454467773,0.6643635630607605,0.015362024307250977,0.4898209571838379,0.10345472395420074,21.0
5.0856032008654,16.764,500.0,649.55,453,9060000,0.008763634,0.3585871581581368,0.9772752554932977,-4.959106014723602e-09,18.419966220855713,8.756138324737549,27.176106452941895,5.912780487449254e-09,-7.629394338515283e-10,1.1465216875076294,1.030575156211853,0.015214763581752777,0.7129360437393188,0.09490571916103363,24.0
4.544769564531114,9.101,500.0,297.8,454,9080000,0.007741098,0.3822887889756139,1.5810574584326167,3.1661986810149756e-08,18.44767189025879,8.75250792503357,27.200181245803833,-2.6702879907247734e-09,-7.629394338515283e-10,1.2141737937927246,0.8482376933097839,0.01356650423258543,0.49883198738098145,0.100330650806427,23.0
7.009600630087474,35.813,500.0,1461.95,455,9100000,0.009484323,0.4410620720950282,2.998250907165989,2.4414061883248905e-08,18.370082139968872,8.747775554656982,27.117859363555908,-2.6702879907247734e-09,1.907348590179936e-08,1.2774828672409058,16.51970672607422,0.012255173176527023,0.62324059009552,0.08646716177463531,24.0
7.814716105053032,35.376,500.0,1446.525,456,9120000,0.009448234,0.2361819111854787,2.2439447184656838,3.738403364650367e-08,18.52673840522766,8.753896236419678,27.28063654899597,-2.2888182460434336e-09,2.7465819840699623e-08,1.293487548828125,21.05075454711914,0.011953776702284813,0.3608643710613251,0.09938009083271027,25.0
6.876379576019869,39.3235,500.0,1645.45,457,9140000,0.006570712,0.43056141560909095,2.5961430195030895,1.0681151962899094e-08,18.235839366912842,8.772295951843262,27.008136987686157,-1.5258788677030566e-09,7.629394005448376e-09,1.3076727390289307,32.63386154174805,0.01169583946466446,0.4298684597015381,0.0886051207780838,26.0
8.498618174371156,32.384,500.0,1240.25,458,9160000,0.009467837,0.2478495874507412,1.915743806673463,-3.433227258042848e-09,18.393067359924316,8.769762754440308,27.162831783294678,3.2424924967244806e-09,-6.103515470812226e-09,1.163831353187561,15.863037109375,0.014765547588467598,0.6952821612358093,0.08312413841485977,24.0
7.160926062508361,15.65,500.0,515.8,459,9180000,0.008278611,0.3034136511765088,1.5685270060399534,2.1362305702155027e-08,18.55489683151245,8.771258115768433,27.326156854629517,7.629394338515283e-10,1.5258788677030566e-09,1.4455116987228394,0.7726883292198181,0.009571637958288193,0.44809672236442566,0.0937495231628418,23.0
5.358168369236078,13.803,500.0,479.025,460,9200000,0.009035356,0.30792332594846467,2.559019337224353,2.2888189121772484e-09,18.31513285636902,8.75361704826355,27.068751573562622,-3.433227480087453e-09,4.577636492086867e-09,1.4710224866867065,0.6343497037887573,0.009242529980838299,0.32149022817611694,0.08378876745700836,21.0
6.6700506480621415,36.303999999999995,500.0,1517.075,461,9220000,0.0068393685,0.2579276164483493,4.734579754103521,3.967284811778882e-08,18.307552814483643,8.758483409881592,27.066038846969604,0.0,-6.103515470812226e-09,1.2154978513717651,20.399072647094727,0.013536964543163776,0.3669666349887848,0.11046861112117767,25.0
6.2936353010111485,29.6005,500.0,1218.15,462,9240000,0.006583969,0.24135427751880922,2.490351653137025,9.155272095995315e-09,18.38029432296753,8.752075672149658,27.132373809814453,3.051757735406113e-09,2.1362303925798187e-08,1.0929934978485107,7.895849227905273,0.01674151048064232,0.37846383452415466,0.12157466262578964,23.0
5.219744727891671,34.303,500.0,1468.9,463,9260000,0.009178175,0.2779180664972515,2.895112337048646,1.2969968210541083e-08,18.569218158721924,8.772180557250977,27.341400384902954,7.629394338515283e-10,-6.103515470812226e-09,1.1730576753616333,20.45046043395996,0.014534194022417068,0.6016981601715088,0.0836135670542717,25.0
4.461823485925883,22.9875,500.0,979.5,464,9280000,0.00835527,0.28227404740870377,1.417274240665375,-2.7465819840699623e-08,18.34472417831421,8.777138233184814,27.121864557266235,0.0,-3.051757735406113e-09,1.288584589958191,0.733514666557312,0.012044916860759258,0.2867807447910309,0.09651066362857819,23.0
5.747107410167018,19.794,500.0,796.175,465,9300000,0.007622607,0.2902425916426501,1.8330584948989237,3.128051773160223e-08,18.31070828437805,8.758658409118652,27.069368600845337,-1.5258788677030566e-09,-7.629394338515283e-10,1.1861101388931274,0.7289098501205444,0.014216072857379913,0.3704531788825989,0.09558439999818802,22.0
5.493486562113758,19.0015,500.0,734.475,466,9320000,0.0094154505,0.2660227983051045,2.360804823591451,3.051757957450718e-09,18.402124166488647,8.75314712524414,27.1552734375,-1.5258788677030566e-09,-3.814697002724188e-09,1.0376739501953125,0.7044510245323181,0.018574107438325882,0.5415717363357544,0.08960895240306854,22.0
5.451634809553468,22.592000000000002,500.0,860.8,467,9340000,0.0072543235,0.28798598438311535,2.037208865174822,-6.103515914901436e-09,18.29781484603882,8.756746768951416,27.054563522338867,-6.484984993448961e-09,-3.051757735406113e-09,1.1310961246490479,0.9023631811141968,0.01563258096575737,0.7645820379257202,0.09425902366638184,23.0
3.67252738819467,14.982999999999999,500.0,584.625,468,9360000,0.009061838,0.2310271500686931,2.251652967512228,-2.2888182016345127e-08,18.53751516342163,8.767699718475342,27.305217027664185,1.5258788677030566e-09,2.8228759774151513e-08,1.1976399421691895,1.0322984457015991,0.013943671248853207,0.49489274621009827,0.09106191247701645,25.0
6.08302734988511,42.838,500.0,1862.35,469,9380000,0.009016041,0.25676329242670615,3.395625807866929,-3.05175760217935e-08,18.36263656616211,8.761304140090942,27.123942852020264,-3.051757735406113e-09,6.103515470812226e-09,1.076348900794983,31.592453002929688,0.017263291403651237,0.866226077079773,0.10335611552000046,26.0
6.748235815202706,34.01649999999999,500.0,1432.7,470,9400000,0.0086960355,0.3847168233886266,3.8565632510337102,-1.0681151962899094e-08,18.380706787109375,8.664955615997314,27.045666694641113,0.0,0.0,1.1581918001174927,20.97457504272461,0.014909693039953709,0.8302205801010132,0.10378862917423248,26.0
8.086542909992456,35.6715,500.0,1464.825,471,9420000,0.009097846,0.2732905760312536,2.8970784083293504,3.662109193669494e-08,18.196535348892212,8.757934093475342,26.954471588134766,-3.8146971692576415e-10,2.7465819840699623e-08,1.1660267114639282,14.830613136291504,0.014710001647472382,0.6549582481384277,0.08726748824119568,24.0
8.896944598233873,39.5875,500.0,1615.625,472,9440000,0.0069199475,0.35986298872691813,2.113273976942536,6.1035150267230165e-09,18.367902994155884,8.7335045337677,27.101409435272217,-3.814697002724188e-09,-6.103515470812226e-09,1.3155723810195923,53.771644592285156,0.011555802077054977,0.45769959688186646,0.0790465921163559,29.0
6.185405481465116,13.5535,500.0,427.05,473,9460000,0.0089178905,0.2950986463790107,1.285039795735839,-1.831054774470431e-08,18.394534826278687,8.755933284759521,27.150469541549683,3.8146971692576415e-10,-3.051757735406113e-09,1.0736247301101685,0.8240021467208862,0.01735100708901882,0.5546692609786987,0.1103460043668747,23.0
6.3662022815038215,18.2595,500.0,652.65,474,9480000,0.008173158,0.38016594603752635,1.6427953078108988,3.051757735406113e-09,18.26054620742798,8.6604163646698,26.92096447944641,-9.918212917625624e-09,-4.577636492086867e-09,1.0892773866653442,0.8721799254417419,0.016855932772159576,0.7314176559448242,0.1019313782453537,23.0
6.445952287387901,14.219,500.0,465.05,475,9500000,0.007247949,0.5444980734757557,1.6729010668529827,-6.961821341633367e-09,18.307799339294434,8.760329484939575,27.068132877349854,-3.290176353587526e-09,-6.103515470812226e-09,1.182253360748291,0.9187260270118713,0.014308975078165531,0.57326340675354,0.08990072458982468,24.0
5.8470188432474695,13.342500000000001,500.0,453.975,476,9520000,0.0077818832,0.3708617949182061,0.9600351199602625,-3.0517597338075575e-09,18.489978551864624,8.756497859954834,27.24647855758667,3.051757735406113e-09,-1.3732909920349812e-08,1.3224495649337769,1.3383351564407349,0.011435925960540771,0.47489261627197266,0.0872422382235527,27.0
5.425277973026835,9.66,500.0,357.55,477,9540000,0.008768888,0.42360889888398207,1.0745737450897315,-9.918212917625624e-09,18.3004310131073,8.664366483688354,26.96480131149292,-3.433227480087453e-09,-3.8146971692576415e-10,1.2081422805786133,0.9121415019035339,0.013702301308512688,0.5282114744186401,0.08672600984573364,23.0
4.84171365637355,8.702000000000002,500.0,298.85,478,9560000,0.0084236385,0.4164506983794984,0.766130447729378,1.525878978725359e-08,18.38458800315857,8.752875328063965,27.137465000152588,-8.392333938900265e-09,0.0,1.1932587623596191,1.0918091535568237,0.01404624991118908,0.8812369108200073,0.0942138209939003,25.0
4.01641308297274,7.853,500.0,257.1,479,9580000,0.008557942,0.3044243552455097,0.6747966207516422,1.4972686201986107e-08,18.447560787200928,8.759624242782593,27.207186937332153,-4.768371253405235e-10,-3.433227480087453e-09,1.3082233667373657,1.4447801113128662,0.011685998179018497,0.5853972434997559,0.08396420627832413,27.0
5.605806452699558,6.5495,500.0,192.0,480,9600000,0.008755612,0.3865905944186791,0.7498603504174833,8.392333050721845e-09,18.079383373260498,8.759770154953003,26.839155435562134,0.0,-7.629394005448376e-09,1.2545381784439087,0.8132444620132446,0.012707551009953022,0.52236407995224,0.08240382373332977,23.0
7.548953652328033,8.516499999999999,500.0,234.6,481,9620000,0.0068840645,0.42702918140941365,0.8169304916433467,-1.7929076889799944e-08,18.38166117668152,8.758365392684937,27.140028476715088,-3.433227480087453e-09,-4.1961669694501325e-09,1.3433012962341309,1.084604263305664,0.011083647608757019,0.7399142384529114,0.07603289932012558,25.0
6.427436765355653,7.67,500.0,167.725,482,9640000,0.008658653,0.46571457972572106,0.8140271666702951,-2.2888182460434336e-09,18.366414070129395,8.78290343284607,27.149319410324097,-4.1961669694501325e-09,3.8146971692576415e-10,1.067330241203308,1.3447195291519165,0.017556263133883476,1.2219547033309937,0.07150273770093918,25.0
5.1187818509413185,10.369499999999999,500.0,362.075,483,9660000,0.0089308,0.4392879358332628,1.9992769957727687,-3.05175760217935e-08,18.33107280731201,8.772863864898682,27.103938817977905,7.629394005448376e-09,6.103515470812226e-09,1.063391089439392,1.7350959777832031,0.017686575651168823,1.0231353044509888,0.08579444140195847,28.0
5.425716883293281,17.840500000000002,500.0,691.9,484,9680000,0.0073224357,0.3931714422763533,2.626900490890643,2.5939941750152684e-08,18.465896129608154,8.751426935195923,27.21732473373413,3.814697002724188e-09,-1.5258788677030566e-09,1.0680317878723145,0.5617779493331909,0.017533209174871445,0.46279287338256836,0.10079158842563629,20.0
8.194837271683648,33.1665,500.0,1348.325,485,9700000,0.009122009,0.46370562774835117,5.736119264971679,-4.2724607851596375e-08,18.42523217201233,8.74582576751709,27.171059608459473,0.0,6.103515470812226e-09,1.187965750694275,18.450576782226562,0.01417169813066721,0.7369924783706665,0.09169449657201767,24.0
8.590548226448133,41.7205,500.0,1750.55,486,9720000,0.0070723426,0.5191660582354873,4.669052586623818,-8.697509201738285e-08,18.333739280700684,8.752642393112183,27.086383819580078,-5.340575981449547e-09,-3.814697002724188e-09,1.074440598487854,23.061222076416016,0.017324667423963547,0.5415858626365662,0.11033707857131958,25.0
5.941110726734432,40.4595,500.0,1737.1,487,9740000,0.00792176,0.4275303784401933,2.507473115594524,1.9836425835251248e-08,18.311413526535034,8.66406512260437,26.975480318069458,2.2888182460434336e-09,-3.051757735406113e-09,1.1821627616882324,32.02676010131836,0.014311169274151325,0.5988617539405823,0.09706053882837296,26.0
6.938075328088677,42.132000000000005,500.0,1826.075,488,9760000,0.009555336,0.2999471406363378,3.3798068242088246,2.2888180239988287e-09,18.42180347442627,8.751657724380493,27.173463106155396,-2.2888182460434336e-09,3.204345588869728e-08,1.3440639972686768,33.39289093017578,0.011071071960031986,0.4325893819332123,0.07078441232442856,26.0
5.351700853204674,26.308000000000003,500.0,1108.525,489,9780000,0.008453467,0.4247898299935137,2.263516144198217,3.433227480087453e-09,18.2752583026886,8.667695999145508,26.94295644760132,-7.629394338515283e-10,0.0,1.2681094408035278,5.238824367523193,0.012437015771865845,0.40083110332489014,0.09299512952566147,23.0
7.0057555866649155,30.869500000000006,500.0,1264.725,490,9800000,0.0068088835,0.4457845166562849,5.410388821135661,1.0147094542389823e-07,18.403615951538086,8.647668838500977,27.051286697387695,-6.484984993448961e-09,4.1198727984692596e-08,1.1397881507873535,10.238926887512207,0.015395062044262886,0.5184447169303894,0.0953855812549591,24.0
7.713613359322727,41.411500000000004,500.0,1726.75,491,9820000,0.008110113,0.5509042584544914,3.6681788923634087,2.2888180239988287e-09,18.183736085891724,8.674748182296753,26.85848617553711,0.0,7.629394338515283e-10,1.40528404712677,36.16422653198242,0.010127478279173374,0.5333806872367859,0.08048460632562637,27.0
8.409507461492884,32.7485,500.0,1308.225,492,9840000,0.0087081585,0.5805601980988008,3.1826810361853073,6.055832102447312e-08,18.22564458847046,8.65712594985962,26.882772207260132,-7.629394005448376e-09,1.525878801089675e-08,1.159579873085022,18.09637451171875,0.014874019660055637,0.47045737504959106,0.1020972728729248,24.0
8.801511683599644,37.968,500.0,1534.725,493,9860000,0.009358994,0.5418629152712169,3.214018724146922,6.370544269884704e-08,18.256104946136475,8.751939058303833,27.00804567337036,1.907348501362094e-09,7.629394005448376e-09,1.1718655824661255,35.3438606262207,0.014563779346644878,0.5184054374694824,0.10097649693489075,26.0
6.682986938984986,28.3805,500.0,1137.675,494,9880000,0.008661607,0.35433941550885034,2.8330090632484217,0.0,18.34683847427368,8.735827922821045,27.08267116546631,1.5258788677030566e-09,4.577636492086867e-09,1.1803380250930786,7.577052116394043,0.014355452731251717,0.35170891880989075,0.09408586472272873,21.0
6.704849977750387,43.2805,500.0,1846.4,495,9900000,0.0090176705,0.3267523505410571,3.7154822628209545,-1.2207031829802872e-08,18.55884575843811,8.772745609283447,27.33159303665161,-3.051757735406113e-09,6.103515470812226e-09,1.0963356494903564,37.57838821411133,0.016639593988656998,0.6680954694747925,0.09552216529846191,28.0
5.194928013119432,25.853,500.0,1052.7,496,9920000,0.006685469,0.32765136161332675,1.6257414784401085,-4.50134258755952e-08,18.521772146224976,8.667436361312866,27.18921160697937,7.629394338515283e-10,-3.051757735406113e-09,1.1637780666351318,2.3843331336975098,0.014766900800168514,0.5379123091697693,0.08805444091558456,23.0
5.193008123522799,20.7335,500.0,800.425,497,9940000,0.0070354706,0.41267236595985235,1.792596797806442,6.103515914901436e-09,18.48884391784668,8.650299787521362,27.139145135879517,-2.6702879907247734e-09,-1.2207030941624453e-08,1.2417004108428955,0.6990864276885986,0.012971673160791397,0.4862658381462097,0.09254910051822662,23.0
7.71304357856947,21.284,500.0,760.45,498,9960000,0.007873262,0.4742530358445113,2.0936736862370924,-1.1444081238209947e-09,18.184490203857422,8.757941007614136,26.94243311882019,0.0,-4.577636492086867e-09,1.1310464143753052,0.9211993217468262,0.015633953735232353,0.6662795543670654,0.08344431966543198,24.0
7.199640408299331,18.071499999999997,500.0,587.025,499,9980000,0.0068663834,0.38020614134088443,1.2354091142013575,1.7166136956348055e-08,18.453291416168213,8.761087417602539,27.214380741119385,2.6702879907247734e-09,0.0,1.1274442672729492,0.6880507469177246,0.01573401689529419,0.5571678280830383,0.09290656447410583,22.0
7.092405373682999,21.95,500.0,784.0,500,10000000,0.0064788247,0.4457067531527607,1.5044906743013176,9.918212029447204e-09,18.160989999771118,8.765656471252441,26.92664861679077,-1.5258788677030566e-09,-6.103515470812226e-09,0.954897403717041,0.7915005087852478,0.02193392813205719,0.6417608857154846,0.11819180846214294,23.0
